1 0.046246 0.506431 0.081610 0.897106
3 0.042437 0.506431 0.052231 0.710611
0 0.119423 0.339228 0.049510 0.196141
0 0.204298 0.286174 0.035365 0.135048
0 0.289445 0.279743 0.054407 0.205788
0 0.288357 0.704180 0.046790 0.154341
0 0.205658 0.709003 0.044614 0.138264
0 0.122688 0.651125 0.042982 0.131833
0 0.452122 0.704180 0.043526 0.154341
0 0.449129 0.282958 0.039717 0.141479
0 0.596844 0.286174 0.042437 0.160772
0 0.689880 0.290997 0.047878 0.138264
0 0.792165 0.282958 0.046790 0.154341
0 0.894723 0.282958 0.046246 0.167203
0 0.896083 0.717042 0.042437 0.141479
0 0.794614 0.713826 0.042982 0.160772
0 0.688248 0.713826 0.038085 0.147910
0 0.595212 0.704180 0.045702 0.154341
2 0.538901 0.493569 0.031012 0.755627
2 0.400163 0.508039 0.024483 0.784566
2 0.340860 0.496785 0.022307 0.749196
2 0.948313 0.483923 0.023939 0.762058
1 0.843036 0.493569 0.025571 0.601286
1 0.740751 0.506431 0.022307 0.614148
5 0.496464 0.276527 0.023395 0.192926
5 0.642546 0.273312 0.013058 0.257235
5 0.641458 0.720257 0.015234 0.199357
5 0.497280 0.710611 0.015234 0.180064
