1 0.044545 0.541401 0.060000 0.643312
1 0.778636 0.382166 0.028182 0.261146
1 0.780455 0.714968 0.028182 0.257962
1 0.676364 0.385350 0.027273 0.261146
3 0.044545 0.364650 0.047273 0.187898
3 0.044091 0.692675 0.048182 0.200637
0 0.092727 0.323248 0.036364 0.066879
0 0.094091 0.409236 0.037273 0.060510
0 0.120455 0.660828 0.037273 0.066879
0 0.122273 0.742038 0.033636 0.063694
4 0.088182 0.656051 0.018182 0.050955
4 0.088636 0.743631 0.019091 0.054140
4 0.202727 0.759554 0.014545 0.060510
4 0.202273 0.641720 0.017273 0.054140
0 0.165909 0.636943 0.035455 0.057325
0 0.165455 0.761146 0.038182 0.070064
0 0.166818 0.425159 0.037273 0.066879
0 0.164091 0.312102 0.037273 0.063694
4 0.131818 0.307325 0.016364 0.060510
4 0.132273 0.420382 0.017273 0.057325
4 0.202727 0.304140 0.018182 0.060510
4 0.202273 0.423567 0.015455 0.057325
0 0.238636 0.312102 0.037273 0.063694
0 0.239545 0.421975 0.035455 0.073248
5 0.289545 0.312102 0.028182 0.076433
5 0.288636 0.431529 0.019091 0.105096
5 0.283636 0.644904 0.025455 0.085987
5 0.284091 0.762739 0.019091 0.098726
0 0.333636 0.305732 0.040000 0.063694
0 0.333636 0.425159 0.040000 0.060510
0 0.331818 0.640127 0.041818 0.076433
0 0.333182 0.762739 0.039091 0.066879
2 0.380455 0.544586 0.022727 0.605096
0 0.432727 0.315287 0.043636 0.070064
0 0.432273 0.429936 0.042727 0.063694
5 0.476364 0.315287 0.014545 0.101911
5 0.476364 0.437898 0.027273 0.098726
0 0.496818 0.635350 0.039091 0.066879
0 0.495909 0.762739 0.037273 0.066879
0 0.539091 0.312102 0.041818 0.070064
0 0.537727 0.433121 0.040909 0.063694
4 0.593182 0.313694 0.020909 0.060510
4 0.592273 0.431529 0.020909 0.060510
4 0.597273 0.635350 0.021818 0.060510
4 0.598636 0.765924 0.020909 0.066879
0 0.677727 0.632166 0.048182 0.066879
0 0.678636 0.765924 0.048182 0.066879
0 0.726364 0.313694 0.040000 0.073248
0 0.725000 0.431529 0.039091 0.060510
4 0.828182 0.310510 0.014545 0.047771
4 0.825909 0.425159 0.015455 0.066879
4 0.829091 0.635350 0.010909 0.041401
4 0.828182 0.764331 0.018182 0.057325
0 0.870000 0.636943 0.049091 0.063694
0 0.870909 0.762739 0.043636 0.060510
0 0.865455 0.312102 0.040000 0.057325
0 0.867273 0.431529 0.032727 0.060510
2 0.939545 0.554140 0.073636 0.636943
