3 0.044814 0.366788 0.049345 0.229927
3 0.048842 0.737226 0.053374 0.211679
1 0.044814 0.563869 0.069486 0.718978
4 0.095166 0.709854 0.017120 0.054745
4 0.096173 0.804745 0.013092 0.062044
4 0.222054 0.680657 0.017120 0.054745
4 0.222054 0.821168 0.021148 0.051095
4 0.223061 0.288321 0.017120 0.043796
4 0.221047 0.445255 0.017120 0.058394
4 0.143001 0.441606 0.026183 0.058394
4 0.142497 0.288321 0.021148 0.072993
0 0.180765 0.291971 0.043303 0.072993
0 0.180262 0.443431 0.042296 0.062044
0 0.101712 0.317518 0.046324 0.080292
0 0.101208 0.421533 0.043303 0.069343
0 0.272407 0.290146 0.039275 0.062044
0 0.269889 0.447080 0.046324 0.076642
0 0.268882 0.684307 0.040282 0.069343
0 0.271400 0.830292 0.049345 0.069343
2 0.327795 0.538321 0.029204 0.689781
2 0.415408 0.543796 0.023162 0.722628
0 0.477341 0.284672 0.042296 0.080292
0 0.474824 0.445255 0.041289 0.087591
5 0.529204 0.297445 0.029204 0.091241
5 0.530211 0.443431 0.021148 0.135036
0 0.577543 0.288321 0.043303 0.072993
0 0.577543 0.447080 0.045317 0.069343
0 0.576536 0.682482 0.043303 0.080292
0 0.577543 0.824818 0.043303 0.080292
0 0.685801 0.295620 0.042296 0.080292
0 0.684290 0.445255 0.043303 0.080292
1 0.623364 0.372263 0.034240 0.321168
1 0.740685 0.372263 0.031219 0.313869
1 0.740685 0.757299 0.031219 0.302920
4 0.796576 0.680657 0.014099 0.062044
4 0.796073 0.828467 0.015106 0.058394
4 0.796073 0.284672 0.017120 0.036496
4 0.794058 0.450730 0.019134 0.054745
0 0.840383 0.290146 0.043303 0.076642
0 0.839376 0.456204 0.041289 0.102190
0 0.837362 0.684307 0.041289 0.083942
0 0.838872 0.824818 0.054381 0.094891
2 0.946123 0.571168 0.089627 0.740876
