3 0.076863 0.170588 0.085404 0.105882
3 0.079193 0.235294 0.080745 0.111765
2 0.193323 0.198529 0.060559 0.182353
0 0.309783 0.202941 0.088509 0.029412
2 0.133540 0.201471 0.214286 0.258824
4 0.406832 0.199265 0.034161 0.027941
0 0.494565 0.203676 0.097826 0.033824
4 0.593944 0.197059 0.029503 0.023529
0 0.683230 0.200000 0.102484 0.029412
7 0.497671 0.086765 0.060559 0.064706
0 0.559006 0.480147 0.068323 0.027941
0 0.687888 0.483088 0.090062 0.027941
0 0.686335 0.855147 0.086957 0.033824
0 0.558230 0.854412 0.066770 0.032353
4 0.617236 0.848529 0.026398 0.038235
4 0.622671 0.481618 0.027950 0.030882
2 0.805901 0.200000 0.065217 0.185294
2 0.807453 0.482353 0.059006 0.188235
2 0.808230 0.854412 0.066770 0.188235
3 0.919255 0.827206 0.086957 0.104412
3 0.922360 0.889706 0.080745 0.111765
3 0.923137 0.451471 0.082298 0.111765
3 0.927795 0.521324 0.079193 0.116176
3 0.918478 0.172794 0.085404 0.101471
3 0.923137 0.235294 0.082298 0.114706
2 0.863354 0.199265 0.220497 0.266176
2 0.867236 0.483088 0.222050 0.260294
2 0.868012 0.852206 0.220497 0.260294
