1 0.067901 0.502959 0.103704 0.698225
1 0.904938 0.526627 0.130864 0.692308
3 0.066667 0.319527 0.086420 0.248521
3 0.063580 0.690828 0.082716 0.257396
3 0.912963 0.312130 0.095062 0.257396
3 0.900617 0.696746 0.102469 0.257396
5 0.657407 0.236686 0.028395 0.106509
5 0.651235 0.397929 0.025926 0.097633
5 0.659877 0.622781 0.020988 0.097633
5 0.656173 0.773669 0.023457 0.097633
4 0.295679 0.238166 0.020988 0.062130
4 0.293210 0.390533 0.023457 0.059172
4 0.441358 0.235207 0.016049 0.056213
4 0.440123 0.393491 0.020988 0.053254
4 0.582716 0.238166 0.019753 0.044379
4 0.579630 0.394970 0.023457 0.056213
4 0.598765 0.621302 0.022222 0.059172
4 0.595679 0.775148 0.023457 0.053254
4 0.446914 0.616864 0.019753 0.044379
4 0.445062 0.775148 0.016049 0.059172
0 0.194444 0.267751 0.092593 0.085799
0 0.196296 0.362426 0.093827 0.085799
0 0.358642 0.242604 0.097531 0.094675
0 0.359877 0.396450 0.100000 0.088757
0 0.507407 0.239645 0.096296 0.088757
0 0.506790 0.387574 0.097531 0.094675
0 0.729630 0.244083 0.096296 0.091716
0 0.726543 0.399408 0.100000 0.106509
0 0.732099 0.621302 0.098765 0.100592
0 0.733951 0.776627 0.097531 0.091716
0 0.511728 0.616864 0.095062 0.103550
0 0.512963 0.770710 0.097531 0.097633
0 0.363580 0.615385 0.095062 0.094675
0 0.364198 0.776627 0.091358 0.097633
0 0.197531 0.652367 0.091358 0.097633
0 0.196914 0.744083 0.092593 0.091716
