1 0.068296 0.498141 0.088972 0.728625
1 0.553258 0.301115 0.043860 0.342007
1 0.692356 0.289963 0.043860 0.342007
1 0.691103 0.676580 0.043860 0.342007
2 0.903509 0.507435 0.130326 0.843866
0 0.141604 0.241636 0.055138 0.096654
0 0.140351 0.345725 0.055138 0.096654
0 0.240602 0.226766 0.055138 0.096654
0 0.340852 0.223048 0.055138 0.096654
0 0.469925 0.226766 0.055138 0.096654
0 0.620927 0.221190 0.058897 0.092937
0 0.622180 0.366171 0.058897 0.092937
0 0.788847 0.221190 0.058897 0.092937
0 0.786341 0.362454 0.058897 0.092937
0 0.787594 0.604089 0.058897 0.092937
0 0.788847 0.752788 0.058897 0.092937
0 0.470551 0.607807 0.058897 0.092937
0 0.470551 0.756506 0.058897 0.092937
0 0.236216 0.611524 0.058897 0.092937
0 0.239975 0.752788 0.058897 0.092937
0 0.180451 0.734201 0.052632 0.085502
0 0.176692 0.637546 0.052632 0.085502
0 0.240602 0.371747 0.055138 0.096654
0 0.339599 0.368030 0.055138 0.096654
0 0.471178 0.368030 0.055138 0.096654
3 0.073308 0.280669 0.066416 0.234201
3 0.073308 0.671004 0.066416 0.234201
4 0.193609 0.224907 0.023810 0.070632
4 0.193609 0.369888 0.023810 0.070632
4 0.291353 0.221190 0.023810 0.070632
4 0.290100 0.369888 0.023810 0.070632
4 0.733709 0.221190 0.023810 0.070632
4 0.733709 0.366171 0.023810 0.070632
4 0.734962 0.607807 0.023810 0.070632
4 0.734962 0.756506 0.023810 0.070632
4 0.290100 0.607807 0.023810 0.070632
4 0.291980 0.754647 0.025063 0.074349
4 0.129073 0.628253 0.025063 0.074349
4 0.132832 0.732342 0.025063 0.074349
5 0.406015 0.228625 0.020050 0.085502
5 0.403509 0.373606 0.020050 0.085502
