1 0.094747 0.506173 0.131332 0.735802
1 0.896341 0.506173 0.141651 0.725926
3 0.100375 0.681481 0.076923 0.232099
3 0.891182 0.325926 0.076923 0.232099
3 0.892589 0.685185 0.079737 0.249383
3 0.101313 0.328395 0.076923 0.232099
2 0.740150 0.503704 0.060038 0.701235
0 0.226079 0.267901 0.065666 0.111111
0 0.221388 0.371605 0.065666 0.111111
0 0.218574 0.625926 0.065666 0.111111
0 0.222326 0.739506 0.065666 0.111111
0 0.383677 0.243210 0.071295 0.120988
0 0.387430 0.403704 0.071295 0.120988
0 0.387430 0.591358 0.071295 0.120988
0 0.389306 0.749383 0.071295 0.120988
0 0.541276 0.240741 0.071295 0.120988
0 0.543152 0.408642 0.071295 0.120988
0 0.668856 0.253086 0.071295 0.120988
0 0.668856 0.416049 0.071295 0.120988
0 0.604128 0.608642 0.071295 0.120988
0 0.605066 0.769136 0.071295 0.120988
4 0.278612 0.279012 0.020638 0.074074
4 0.277674 0.380247 0.020638 0.074074
4 0.164165 0.634568 0.020638 0.074074
4 0.164165 0.733333 0.020638 0.074074
4 0.469043 0.244444 0.020638 0.074074
4 0.469981 0.412346 0.020638 0.074074
4 0.469043 0.607407 0.020638 0.074074
4 0.469981 0.758025 0.020638 0.074074
5 0.605535 0.249383 0.023452 0.113580
5 0.605535 0.407407 0.023452 0.113580
5 0.811914 0.597531 0.023452 0.113580
5 0.810038 0.753086 0.023452 0.113580
