3 0.045455 0.262846 0.074627 0.304348
3 0.048168 0.705534 0.082768 0.312253
2 0.130258 0.217391 0.059701 0.086957
2 0.130936 0.306324 0.058345 0.075099
2 0.268657 0.199605 0.056988 0.106719
2 0.269335 0.328063 0.061058 0.094862
2 0.399593 0.201581 0.066486 0.102767
2 0.398915 0.328063 0.062415 0.094862
2 0.514247 0.199605 0.062415 0.098814
2 0.521031 0.330040 0.062415 0.098814
2 0.654003 0.197628 0.062415 0.094862
2 0.654681 0.322134 0.058345 0.090909
2 0.778155 0.203557 0.058345 0.098814
2 0.779512 0.333992 0.058345 0.098814
3 0.723202 0.280632 0.040706 0.355731
3 0.723881 0.717391 0.039349 0.375494
0 0.852103 0.478261 0.059701 0.719368
2 0.777476 0.642292 0.062415 0.098814
2 0.780190 0.768775 0.062415 0.098814
2 0.518318 0.648221 0.062415 0.102767
2 0.517639 0.764822 0.058345 0.090909
2 0.269335 0.644269 0.058345 0.086957
2 0.268657 0.770751 0.059701 0.102767
2 0.180461 0.667984 0.062415 0.063241
2 0.180461 0.752964 0.054274 0.067194
4 0.345319 0.652174 0.028494 0.071146
4 0.344640 0.778656 0.029851 0.086957
4 0.123474 0.671937 0.024423 0.071146
4 0.123474 0.756917 0.029851 0.075099
4 0.342605 0.199605 0.028494 0.075099
4 0.343962 0.332016 0.028494 0.071146
4 0.195387 0.209486 0.027137 0.086957
4 0.196065 0.318182 0.023066 0.075099
5 0.462008 0.201581 0.017639 0.094862
5 0.462687 0.337945 0.016282 0.114625
6 0.589552 0.203557 0.036635 0.098814
6 0.592266 0.335968 0.036635 0.086957
0 0.938263 0.480237 0.120760 0.636364
3 0.050204 0.466403 0.097693 0.924901
