2 0.938756 0.493631 0.033052 0.745223
2 0.451717 0.498408 0.045366 0.754777
5 0.574206 0.270701 0.036293 0.248408
5 0.574854 0.702229 0.024627 0.238854
5 0.400194 0.281847 0.025275 0.187898
5 0.401815 0.705414 0.018146 0.175159
1 0.692482 0.500000 0.034349 0.585987
1 0.814323 0.501592 0.030460 0.589172
1 0.055412 0.496815 0.095269 0.878981
3 0.054763 0.507962 0.070642 0.729299
0 0.148736 0.351911 0.055087 0.175159
0 0.148088 0.640127 0.049903 0.121019
0 0.247246 0.702229 0.049903 0.124204
0 0.247246 0.280255 0.049903 0.127389
0 0.345755 0.285032 0.051199 0.143312
0 0.347375 0.714968 0.054439 0.143312
0 0.520739 0.708599 0.051199 0.143312
0 0.519443 0.281847 0.051199 0.136943
0 0.630590 0.285032 0.050551 0.130573
0 0.752430 0.288217 0.049255 0.130573
0 0.877187 0.277070 0.048607 0.108280
0 0.876863 0.702229 0.053143 0.136943
0 0.755023 0.705414 0.055736 0.130573
0 0.631238 0.705414 0.054439 0.136943
