2 0.035533 0.504049 0.067682 0.765182
3 0.038071 0.427126 0.047941 0.319838
3 0.038917 0.629555 0.050761 0.327935
0 0.111111 0.491903 0.058658 0.206478
0 0.181895 0.491903 0.056966 0.198381
0 0.253525 0.495951 0.055838 0.206478
0 0.363226 0.483806 0.055274 0.206478
7 0.315285 0.489879 0.028201 0.170040
2 0.409475 0.485830 0.027073 0.445344
2 0.496898 0.477733 0.024817 0.453441
2 0.535251 0.491903 0.065426 0.643725
2 0.638748 0.485830 0.025381 0.412955
2 0.677101 0.487854 0.058094 0.619433
2 0.779188 0.479757 0.023125 0.425101
2 0.816131 0.489879 0.060914 0.623482
2 0.919064 0.477733 0.023125 0.445344
2 0.958545 0.491903 0.059222 0.627530
3 0.536097 0.447368 0.045685 0.255061
3 0.536661 0.613360 0.040045 0.246964
3 0.674845 0.453441 0.038917 0.275304
3 0.679075 0.609312 0.038353 0.255061
3 0.817259 0.453441 0.042865 0.267206
3 0.818105 0.615385 0.037789 0.242915
3 0.958545 0.459514 0.036661 0.255061
3 0.959673 0.615385 0.036661 0.259109
