3 0.058938 0.326255 0.081606 0.474903
0 0.161917 0.216216 0.072539 0.115830
0 0.161917 0.420849 0.072539 0.115830
0 0.274611 0.177606 0.072539 0.115830
0 0.382124 0.181467 0.072539 0.115830
0 0.272021 0.467181 0.072539 0.115830
0 0.380829 0.467181 0.072539 0.115830
0 0.575130 0.177606 0.072539 0.115830
0 0.580311 0.467181 0.072539 0.115830
0 0.716321 0.181467 0.072539 0.115830
0 0.713731 0.467181 0.072539 0.115830
0 0.848446 0.181467 0.072539 0.115830
0 0.847150 0.463320 0.072539 0.115830
1 0.647021 0.320463 0.042746 0.401544
1 0.783031 0.324324 0.042746 0.401544
2 0.922280 0.318533 0.038860 0.528958
0 0.617876 0.629344 0.062176 0.108108
0 0.616580 0.768340 0.062176 0.108108
5 0.444948 0.181467 0.016839 0.131274
5 0.442358 0.471042 0.016839 0.131274
7 0.551813 0.635135 0.049223 0.065637
7 0.551813 0.770270 0.049223 0.065637
10 0.705311 0.787645 0.037565 0.077220
1 0.059585 0.324324 0.108808 0.617761
3 0.759715 0.940154 0.024611 0.065637
3 0.755181 0.814672 0.023316 0.061776
