2 0.110911 0.542092 0.173861 0.553571
2 0.867506 0.514031 0.173861 0.553571
3 0.878897 0.528061 0.124700 0.362245
3 0.129496 0.551020 0.124700 0.362245
0 0.278177 0.420918 0.083933 0.086735
0 0.276978 0.650510 0.083933 0.086735
0 0.422062 0.418367 0.083933 0.086735
0 0.420863 0.658163 0.083933 0.086735
0 0.568345 0.418367 0.083933 0.086735
0 0.568345 0.655612 0.083933 0.086735
0 0.705036 0.418367 0.083933 0.086735
0 0.707434 0.658163 0.083933 0.086735
4 0.354317 0.420918 0.029976 0.051020
4 0.353118 0.655612 0.029976 0.051020
4 0.500600 0.420918 0.029976 0.051020
4 0.499400 0.655612 0.029976 0.051020
4 0.645683 0.418367 0.029976 0.051020
4 0.645683 0.655612 0.029976 0.051020
4 0.206835 0.660714 0.029976 0.051020
4 0.204436 0.423469 0.029976 0.051020
