1 0.044091 0.533439 0.062727 0.633758
3 0.043182 0.359873 0.046364 0.197452
3 0.045909 0.694268 0.046364 0.197452
0 0.167273 0.305732 0.041818 0.082803
0 0.165455 0.420382 0.041818 0.082803
0 0.238182 0.308917 0.041818 0.082803
0 0.240000 0.420382 0.041818 0.082803
0 0.333636 0.305732 0.041818 0.082803
0 0.334545 0.420382 0.041818 0.082803
0 0.431818 0.305732 0.041818 0.082803
0 0.431818 0.426752 0.041818 0.082803
0 0.537273 0.308917 0.041818 0.082803
0 0.537273 0.423567 0.041818 0.082803
0 0.629091 0.305732 0.041818 0.082803
0 0.629091 0.426752 0.041818 0.082803
0 0.722727 0.308917 0.041818 0.082803
0 0.723636 0.426752 0.041818 0.082803
0 0.497273 0.636943 0.041818 0.082803
0 0.495455 0.757962 0.041818 0.082803
0 0.333636 0.633758 0.041818 0.082803
0 0.238182 0.640127 0.041818 0.082803
0 0.165455 0.633758 0.041818 0.082803
0 0.122727 0.656051 0.041818 0.082803
0 0.121818 0.742038 0.041818 0.082803
0 0.167273 0.754777 0.041818 0.082803
0 0.239091 0.754777 0.041818 0.082803
0 0.331818 0.757962 0.041818 0.082803
0 0.678182 0.632166 0.049091 0.079618
0 0.676364 0.756369 0.049091 0.079618
0 0.864545 0.312102 0.041818 0.082803
0 0.866364 0.426752 0.041818 0.082803
0 0.869091 0.632166 0.049091 0.079618
0 0.870000 0.756369 0.049091 0.079618
0 0.094091 0.321656 0.042727 0.082803
0 0.094091 0.398089 0.042727 0.082803
4 0.131364 0.307325 0.019091 0.073248
4 0.131364 0.421975 0.019091 0.073248
4 0.201818 0.307325 0.020000 0.066879
4 0.202273 0.420382 0.020909 0.076433
4 0.202273 0.643312 0.020909 0.076433
4 0.202273 0.751592 0.020909 0.076433
4 0.088636 0.662420 0.020909 0.076433
4 0.087727 0.738854 0.020909 0.076433
4 0.596818 0.636943 0.020909 0.076433
4 0.593182 0.308917 0.020909 0.076433
4 0.591364 0.436306 0.020909 0.076433
4 0.595909 0.757962 0.020909 0.076433
4 0.826818 0.315287 0.020909 0.076433
4 0.826818 0.436306 0.020909 0.076433
4 0.828636 0.640127 0.020909 0.076433
4 0.827727 0.751592 0.020909 0.076433
5 0.289545 0.312102 0.013636 0.089172
5 0.290455 0.425159 0.013636 0.098726
5 0.283182 0.641720 0.011818 0.085987
5 0.283182 0.756369 0.011818 0.085987
5 0.476818 0.316879 0.011818 0.085987
5 0.475909 0.428344 0.011818 0.085987
1 0.677273 0.378981 0.030909 0.292994
1 0.779091 0.382166 0.030909 0.292994
1 0.778182 0.713376 0.030909 0.292994
2 0.939091 0.554140 0.076364 0.662420
2 0.380000 0.539809 0.034545 0.646497
