3 0.053914 0.375723 0.081241 0.404624
3 0.054653 0.632948 0.082718 0.421965
3 0.949040 0.398844 0.075332 0.404624
3 0.951256 0.656069 0.076809 0.433526
1 0.934269 0.502890 0.131462 0.994220
1 0.107829 0.502890 0.209749 0.994220
4 0.237814 0.523121 0.026588 0.098266
4 0.364106 0.520231 0.022157 0.080925
4 0.652880 0.517341 0.026588 0.098266
4 0.776219 0.520231 0.031019 0.104046
0 0.827917 0.514451 0.051699 0.138728
0 0.711965 0.511561 0.062038 0.121387
0 0.596012 0.517341 0.063516 0.121387
7 0.510340 0.523121 0.069424 0.167630
0 0.429099 0.517341 0.060561 0.121387
0 0.305761 0.520231 0.059084 0.127168
2 0.163959 0.497110 0.056130 0.693642
