17 0.262376 0.334775 0.106931 0.129758
9 0.262871 0.863322 0.062376 0.086505
9 0.088119 0.857266 0.073267 0.095156
5 0.086139 0.701557 0.049505 0.060554
5 0.259406 0.697232 0.055446 0.058824
7 0.350990 0.226644 0.086139 0.058824
7 0.357921 0.544118 0.068317 0.060554
7 0.435644 0.397059 0.035644 0.133218
2 0.528713 0.235294 0.104950 0.058824
2 0.657426 0.233564 0.100990 0.031142
2 0.658416 0.557093 0.102970 0.034602
2 0.527228 0.558824 0.103960 0.058824
4 0.458416 0.555363 0.021782 0.044983
4 0.456931 0.236159 0.022772 0.039792
4 0.729208 0.231834 0.024752 0.034602
4 0.729703 0.556228 0.017822 0.039792
2 0.839604 0.384083 0.229703 0.429066
