1 0.051064 0.579505 0.097872 0.840989
1 0.949468 0.583039 0.101064 0.833922
3 0.044149 0.409894 0.058511 0.254417
3 0.047340 0.770318 0.056383 0.268551
2 0.468617 0.591873 0.043617 0.590106
2 0.550000 0.593640 0.046809 0.593640
2 0.643617 0.583039 0.044681 0.720848
2 0.742553 0.586572 0.044681 0.586572
2 0.825532 0.579505 0.042553 0.579505
5 0.376064 0.369258 0.018085 0.088339
5 0.376064 0.461131 0.020213 0.116608
5 0.375000 0.726148 0.015957 0.088339
5 0.375000 0.828622 0.020213 0.102473
0 0.129255 0.369258 0.043617 0.067138
0 0.129787 0.441696 0.042553 0.063604
0 0.162766 0.733216 0.042553 0.067138
0 0.162766 0.807420 0.040426 0.074205
0 0.230319 0.362191 0.043617 0.067138
0 0.229787 0.455830 0.044681 0.084806
0 0.229255 0.720848 0.041489 0.070671
0 0.229787 0.818021 0.042553 0.081272
0 0.335106 0.360424 0.042553 0.084806
0 0.334043 0.450530 0.040426 0.081272
0 0.333511 0.724382 0.043617 0.077739
0 0.333511 0.818021 0.041489 0.081272
0 0.413298 0.358657 0.043617 0.067138
0 0.413298 0.454064 0.041489 0.081272
0 0.414362 0.726148 0.041489 0.081272
0 0.412766 0.819788 0.040426 0.077739
0 0.596809 0.363958 0.042553 0.084806
0 0.597340 0.452297 0.041489 0.084806
0 0.597872 0.724382 0.042553 0.077739
0 0.596277 0.823322 0.037234 0.077739
0 0.692553 0.371025 0.040426 0.077739
0 0.693617 0.452297 0.042553 0.091873
0 0.693617 0.727915 0.040426 0.077739
0 0.695213 0.823322 0.039362 0.091873
0 0.875000 0.360424 0.043617 0.084806
0 0.874468 0.459364 0.040426 0.098940
0 0.876596 0.720848 0.044681 0.084806
0 0.876596 0.816254 0.040426 0.084806
