1 0.053439 0.497093 0.094180 0.715116
1 0.941270 0.504360 0.094180 0.723837
3 0.057672 0.316860 0.073016 0.250000
3 0.052381 0.677326 0.073016 0.238372
3 0.942857 0.299419 0.080423 0.255814
3 0.937566 0.688953 0.074074 0.261628
4 0.104762 0.652616 0.019048 0.072674
4 0.108466 0.748547 0.013757 0.043605
4 0.242328 0.247093 0.014815 0.058140
4 0.240741 0.396802 0.011640 0.049419
0 0.166667 0.267442 0.077249 0.081395
0 0.166138 0.369186 0.074074 0.098837
0 0.166667 0.652616 0.075132 0.090116
0 0.165079 0.748547 0.076190 0.101744
0 0.291005 0.242733 0.082540 0.095930
0 0.291005 0.396802 0.082540 0.090116
0 0.289418 0.622093 0.081481 0.075581
0 0.290476 0.776163 0.079365 0.122093
4 0.355556 0.247093 0.014815 0.046512
4 0.355026 0.399709 0.015873 0.049419
4 0.358730 0.622093 0.016931 0.046512
4 0.356614 0.771802 0.014815 0.043605
0 0.410582 0.242733 0.082540 0.095930
0 0.409524 0.401163 0.080423 0.093023
0 0.411640 0.622093 0.076190 0.098837
0 0.410053 0.783430 0.087831 0.101744
0 0.539683 0.773256 0.086772 0.127907
0 0.537566 0.617733 0.086772 0.107558
0 0.539153 0.242733 0.085714 0.090116
0 0.541270 0.390988 0.079365 0.095930
5 0.483598 0.239826 0.014815 0.113372
5 0.483598 0.402616 0.014815 0.095930
4 0.465608 0.242733 0.019048 0.049419
4 0.462963 0.393895 0.011640 0.043605
4 0.476720 0.619186 0.017989 0.058140
4 0.474603 0.774709 0.017989 0.049419
4 0.751323 0.764535 0.016931 0.052326
4 0.751323 0.616279 0.016931 0.052326
4 0.748677 0.395349 0.017989 0.040698
4 0.748148 0.242733 0.019048 0.043605
0 0.686772 0.235465 0.084656 0.098837
0 0.689418 0.392442 0.081481 0.098837
0 0.692063 0.611919 0.082540 0.101744
0 0.690476 0.773256 0.081481 0.110465
5 0.774603 0.607558 0.021164 0.098837
5 0.771958 0.763081 0.015873 0.095930
0 0.832275 0.613372 0.079365 0.098837
0 0.829101 0.765988 0.083598 0.107558
0 0.828042 0.386628 0.085714 0.081395
0 0.828042 0.234012 0.083598 0.101744
