4 0.131364 0.310510 0.015455 0.073248
4 0.131818 0.428344 0.018182 0.054140
4 0.086364 0.660828 0.014545 0.054140
4 0.088182 0.742038 0.012727 0.050955
4 0.201818 0.638535 0.014545 0.060510
4 0.202273 0.757962 0.015455 0.044586
4 0.593636 0.316879 0.014545 0.060510
4 0.594545 0.428344 0.018182 0.060510
4 0.597273 0.633758 0.020000 0.050955
4 0.595455 0.764331 0.016364 0.057325
4 0.827273 0.312102 0.018182 0.050955
4 0.828636 0.434713 0.017273 0.060510
4 0.828182 0.638535 0.010909 0.054140
4 0.828636 0.767516 0.020909 0.057325
1 0.041364 0.531847 0.059091 0.636943
3 0.044091 0.369427 0.044545 0.210191
3 0.043182 0.687898 0.048182 0.216561
0 0.094545 0.323248 0.040000 0.066879
0 0.094091 0.404459 0.039091 0.070064
0 0.121818 0.659236 0.034545 0.082803
0 0.123636 0.742038 0.038182 0.070064
0 0.166818 0.641720 0.037273 0.066879
0 0.167273 0.762739 0.036364 0.079618
0 0.166364 0.308917 0.036364 0.070064
0 0.166818 0.428344 0.037273 0.079618
0 0.238636 0.305732 0.039091 0.076433
0 0.240455 0.429936 0.035455 0.076433
0 0.238636 0.635350 0.037273 0.079618
0 0.240909 0.759554 0.040000 0.073248
5 0.288182 0.313694 0.016364 0.085987
5 0.290455 0.428344 0.013636 0.079618
5 0.283636 0.644904 0.010909 0.073248
5 0.284091 0.756369 0.010000 0.098726
0 0.331364 0.640127 0.037273 0.070064
0 0.331818 0.767516 0.036364 0.063694
0 0.335455 0.312102 0.036364 0.082803
0 0.335000 0.426752 0.042727 0.070064
0 0.431818 0.315287 0.038182 0.082803
0 0.432273 0.431529 0.039091 0.066879
0 0.538636 0.308917 0.040909 0.076433
0 0.539091 0.436306 0.041818 0.070064
0 0.495000 0.638535 0.039091 0.073248
0 0.495909 0.761146 0.042727 0.076433
2 0.380455 0.538217 0.030000 0.611465
5 0.475909 0.310510 0.011818 0.092357
5 0.476818 0.431529 0.011818 0.079618
0 0.679091 0.636943 0.047273 0.089172
0 0.677273 0.762739 0.049091 0.073248
0 0.629545 0.315287 0.040909 0.076433
0 0.630000 0.426752 0.040000 0.070064
1 0.675909 0.385350 0.026364 0.267516
1 0.780000 0.388535 0.027273 0.261146
1 0.780455 0.714968 0.024545 0.257962
0 0.870000 0.632166 0.050909 0.060510
0 0.870000 0.762739 0.043636 0.060510
0 0.865909 0.315287 0.039091 0.082803
0 0.866818 0.429936 0.039091 0.082803
2 0.938182 0.555732 0.070909 0.621019
