3 0.596956 0.826014 0.064262 0.138514
3 0.703495 0.820946 0.067644 0.135135
3 0.817362 0.821791 0.065389 0.140203
3 0.932356 0.821791 0.065389 0.146959
3 0.928974 0.424831 0.074408 0.140203
3 0.821871 0.423986 0.069899 0.131757
3 0.597520 0.430743 0.067644 0.128378
3 0.705750 0.435811 0.067644 0.125000
3 0.063134 0.559122 0.069899 0.135135
3 0.062007 0.170608 0.063134 0.138514
2 0.065389 0.474662 0.096956 0.925676
2 0.322435 0.483108 0.029312 0.925676
2 0.428974 0.481419 0.025930 0.922297
2 0.716460 0.489020 0.540023 0.934122
0 0.144307 0.170608 0.072153 0.050676
0 0.276212 0.168074 0.065389 0.038851
0 0.162909 0.563345 0.082300 0.045608
0 0.254228 0.559966 0.073281 0.042230
7 0.208568 0.171453 0.042841 0.035473
0 0.492672 0.170608 0.069899 0.043919
0 0.598083 0.170608 0.071026 0.050676
0 0.702368 0.169764 0.069899 0.045608
0 0.811161 0.166385 0.066516 0.042230
0 0.760992 0.255068 0.031567 0.104730
0 0.866404 0.256757 0.034949 0.101351
0 0.649944 0.255912 0.032694 0.106419
0 0.540586 0.256757 0.037204 0.104730
0 0.493799 0.567568 0.069899 0.040541
0 0.599211 0.569257 0.073281 0.047297
0 0.705750 0.565878 0.074408 0.043919
0 0.813416 0.567568 0.066516 0.050676
0 0.866967 0.658784 0.040586 0.118243
0 0.760428 0.655405 0.032694 0.108108
0 0.648816 0.655405 0.037204 0.108108
0 0.541714 0.652872 0.034949 0.109797
7 0.539459 0.757601 0.021421 0.065878
7 0.645434 0.752534 0.023675 0.059122
7 0.759301 0.760135 0.023675 0.070946
7 0.868095 0.756757 0.024803 0.067568
