3 0.047340 0.402827 0.064894 0.275618
3 0.045745 0.765018 0.063830 0.279152
3 0.956915 0.406360 0.058511 0.268551
3 0.954255 0.770318 0.057447 0.268551
1 0.052128 0.575972 0.102128 0.848057
1 0.948404 0.577739 0.103191 0.844523
0 0.128191 0.367491 0.043617 0.063604
0 0.126596 0.441696 0.046809 0.070671
0 0.228723 0.358657 0.042553 0.088339
0 0.229255 0.446996 0.043617 0.081272
0 0.161702 0.731449 0.044681 0.070671
0 0.162766 0.800353 0.046809 0.067138
0 0.229255 0.722615 0.045745 0.088339
0 0.229255 0.814488 0.047872 0.081272
0 0.333511 0.360424 0.045745 0.077739
0 0.333511 0.452297 0.045745 0.091873
0 0.332979 0.722615 0.044681 0.088339
0 0.332979 0.816254 0.046809 0.091873
0 0.411170 0.355124 0.045745 0.095406
0 0.412234 0.450530 0.047872 0.095406
0 0.412766 0.724382 0.046809 0.084806
0 0.413298 0.814488 0.050000 0.081272
5 0.374468 0.358657 0.014894 0.088339
5 0.375532 0.452297 0.014894 0.084806
5 0.374468 0.722615 0.014894 0.088339
5 0.374468 0.818021 0.021277 0.095406
4 0.284574 0.360424 0.022340 0.063604
4 0.285106 0.445230 0.021277 0.070671
4 0.179787 0.362191 0.019149 0.067138
4 0.177660 0.448763 0.019149 0.070671
4 0.117021 0.742049 0.019149 0.056537
4 0.118617 0.803887 0.024468 0.074205
4 0.283511 0.724382 0.018085 0.063604
4 0.284043 0.816254 0.019149 0.077739
2 0.467021 0.584806 0.046809 0.575972
2 0.549468 0.590106 0.047872 0.586572
2 0.644149 0.579505 0.047872 0.727915
2 0.744681 0.586572 0.046809 0.593640
2 0.827128 0.581272 0.045745 0.583039
0 0.873404 0.365724 0.044681 0.074205
0 0.873404 0.452297 0.044681 0.077739
0 0.875000 0.720848 0.043617 0.084806
0 0.876064 0.810954 0.043617 0.081272
0 0.693085 0.363958 0.043617 0.077739
0 0.694149 0.452297 0.045745 0.084806
0 0.692553 0.726148 0.044681 0.081272
0 0.692553 0.818021 0.042553 0.095406
0 0.596809 0.365724 0.042553 0.074205
0 0.597340 0.448763 0.041489 0.084806
0 0.597340 0.724382 0.041489 0.077739
0 0.596809 0.819788 0.042553 0.091873
