3 0.104600 0.321622 0.086528 0.248649
3 0.901424 0.325676 0.081051 0.218919
3 0.903067 0.678378 0.086528 0.248649
3 0.103505 0.678378 0.086528 0.248649
1 0.095290 0.500000 0.144578 0.745946
1 0.897043 0.504054 0.146769 0.732432
4 0.175246 0.274324 0.021906 0.056757
4 0.177437 0.374324 0.024096 0.056757
4 0.175794 0.631081 0.018620 0.056757
4 0.177437 0.731081 0.024096 0.062162
4 0.311610 0.270270 0.020811 0.059459
4 0.313253 0.367568 0.019715 0.059459
4 0.312158 0.632432 0.024096 0.064865
4 0.313801 0.722973 0.025192 0.056757
4 0.692771 0.267568 0.023001 0.059459
4 0.693319 0.371622 0.019715 0.056757
4 0.693319 0.627027 0.021906 0.054054
4 0.695509 0.728378 0.024096 0.062162
0 0.751369 0.272973 0.070099 0.102703
0 0.749726 0.374324 0.071194 0.094595
0 0.746988 0.620270 0.065717 0.105405
0 0.748083 0.731081 0.072289 0.105405
0 0.462212 0.229730 0.067908 0.108108
0 0.460022 0.394595 0.070099 0.097297
0 0.461665 0.582432 0.073384 0.116216
0 0.462760 0.743243 0.073384 0.118919
0 0.246440 0.258108 0.076670 0.100000
0 0.246440 0.370270 0.072289 0.113514
0 0.244797 0.620270 0.071194 0.110811
0 0.245893 0.727027 0.069003 0.102703
