1 0.060891 0.375652 0.110891 0.744348
1 0.697525 0.450435 0.109901 0.695652
1 0.791089 0.387826 0.051485 0.518261
0 0.167079 0.248696 0.066832 0.121739
0 0.278960 0.198261 0.066832 0.121739
0 0.402723 0.207826 0.057921 0.126957
0 0.404703 0.540870 0.066832 0.121739
0 0.278465 0.547826 0.066832 0.121739
0 0.168069 0.490435 0.066832 0.121739
5 0.342327 0.200000 0.019307 0.135652
5 0.341337 0.544348 0.019307 0.135652
5 0.683663 0.287826 0.043564 0.050435
5 0.684653 0.626957 0.043564 0.050435
9 0.498515 0.437391 0.025743 0.043478
9 0.686634 0.350435 0.025743 0.043478
9 0.684653 0.689565 0.025743 0.043478
0 0.863119 0.209565 0.057921 0.126957
0 0.862624 0.545217 0.057921 0.126957
2 0.932426 0.377391 0.036139 0.622609
7 0.495297 0.314783 0.029208 0.139130
7 0.575000 0.431304 0.029208 0.139130
10 0.575743 0.296522 0.075248 0.092174
3 0.062624 0.266087 0.077723 0.375652
3 0.057178 0.478261 0.077723 0.375652
