1 0.069407 0.450000 0.133423 0.769565
1 0.747978 0.454348 0.040431 0.639130
2 0.570081 0.450000 0.059299 0.656522
2 0.938005 0.467391 0.059299 0.656522
0 0.184636 0.328261 0.067385 0.143478
0 0.183288 0.580435 0.067385 0.143478
0 0.309973 0.284783 0.067385 0.143478
0 0.309973 0.628261 0.067385 0.143478
0 0.435310 0.284783 0.067385 0.143478
0 0.433962 0.628261 0.067385 0.143478
0 0.652291 0.284783 0.067385 0.143478
0 0.649596 0.632609 0.067385 0.143478
0 0.842318 0.284783 0.067385 0.143478
0 0.842318 0.636957 0.067385 0.143478
3 0.070755 0.358696 0.087601 0.378261
3 0.062668 0.567391 0.087601 0.378261
