3 0.046332 0.637640 0.038610 0.179775
3 0.046815 0.816011 0.043436 0.171348
2 0.933398 0.721910 0.034749 0.443820
2 0.654923 0.726124 0.062741 0.457865
2 0.523166 0.724719 0.032819 0.438202
2 0.454633 0.730337 0.036680 0.449438
1 0.055019 0.738764 0.094595 0.516854
0 0.301641 0.456461 0.031853 0.160112
0 0.344112 0.459270 0.031853 0.165730
0 0.152027 0.641854 0.055019 0.092697
0 0.152027 0.807584 0.051158 0.092697
0 0.245656 0.603933 0.053089 0.095506
0 0.247104 0.848315 0.055985 0.101124
0 0.392857 0.612360 0.055985 0.089888
0 0.395753 0.851124 0.052124 0.106742
0 0.583494 0.610955 0.053089 0.081461
0 0.585425 0.845506 0.056950 0.106742
0 0.724421 0.609551 0.055019 0.106742
0 0.725869 0.846910 0.057915 0.103933
0 0.875000 0.609551 0.058880 0.089888
0 0.875000 0.848315 0.051158 0.106742
0 0.778475 0.453652 0.031853 0.154494
0 0.823842 0.452247 0.035714 0.157303
7 0.779440 0.299157 0.020270 0.098315
7 0.824324 0.301966 0.021236 0.103933
10 0.801641 0.092697 0.051158 0.044944
10 0.323842 0.175562 0.055019 0.042135
7 0.300193 0.297753 0.023166 0.112360
7 0.344112 0.299157 0.022201 0.098315
12 0.777992 0.192416 0.038610 0.075843
12 0.822394 0.191011 0.030888 0.067416
