0 0.239650 0.516588 0.048758 0.151659
0 0.333487 0.521327 0.048758 0.151659
0 0.428243 0.521327 0.048758 0.151659
0 0.542318 0.511848 0.048758 0.151659
0 0.812787 0.511848 0.048758 0.151659
2 0.601196 0.500000 0.050598 0.971564
2 0.728151 0.500000 0.050598 0.971564
2 0.865225 0.516588 0.048758 0.748815
2 0.130635 0.502370 0.051518 0.739336
1 0.085097 0.500000 0.168353 0.990521
1 0.883625 0.502370 0.223551 0.995261
3 0.046458 0.376777 0.061638 0.421801
3 0.047378 0.637441 0.061638 0.421801
3 0.947102 0.395735 0.061638 0.421801
3 0.951702 0.646919 0.061638 0.421801
7 0.488960 0.509479 0.039558 0.137441
4 0.187672 0.502370 0.020239 0.123223
4 0.283349 0.521327 0.020239 0.123223
4 0.383625 0.511848 0.020239 0.123223
