1 0.034854 0.544521 0.064544 0.890411
1 0.860585 0.361301 0.022375 0.332192
1 0.861876 0.755137 0.023236 0.325342
2 0.452668 0.561644 0.068847 0.650685
2 0.956971 0.547945 0.080895 0.760274
3 0.031842 0.335616 0.046472 0.260274
3 0.031842 0.777397 0.046472 0.260274
0 0.086059 0.309932 0.034423 0.071918
0 0.086919 0.375000 0.034423 0.071918
0 0.160069 0.299658 0.036145 0.085616
0 0.159208 0.388699 0.036145 0.085616
0 0.238382 0.299658 0.036145 0.085616
0 0.238382 0.388699 0.036145 0.085616
0 0.315835 0.303082 0.036145 0.085616
0 0.387263 0.303082 0.036145 0.085616
0 0.314974 0.388699 0.036145 0.085616
0 0.387263 0.392123 0.036145 0.085616
0 0.515491 0.296233 0.036145 0.085616
0 0.515491 0.392123 0.036145 0.085616
0 0.515491 0.734589 0.036145 0.085616
0 0.515491 0.820205 0.036145 0.085616
0 0.387263 0.734589 0.036145 0.085616
0 0.385542 0.833904 0.036145 0.085616
0 0.315835 0.731164 0.036145 0.085616
0 0.315835 0.830479 0.036145 0.085616
0 0.238382 0.734589 0.036145 0.085616
0 0.238382 0.827055 0.036145 0.085616
0 0.160069 0.731164 0.036145 0.085616
0 0.159208 0.830479 0.036145 0.085616
0 0.110155 0.751712 0.036145 0.065068
0 0.109725 0.820205 0.035284 0.065068
0 0.588640 0.734589 0.036145 0.085616
0 0.587780 0.827055 0.036145 0.085616
0 0.587780 0.303082 0.036145 0.085616
0 0.586919 0.392123 0.036145 0.085616
0 0.656627 0.299658 0.036145 0.085616
0 0.657487 0.385274 0.036145 0.085616
0 0.737522 0.296233 0.036145 0.085616
0 0.737522 0.388699 0.036145 0.085616
0 0.737522 0.741438 0.041308 0.085616
0 0.736661 0.827055 0.041308 0.085616
0 0.817556 0.299658 0.034423 0.078767
0 0.817556 0.388699 0.034423 0.078767
0 0.893287 0.301370 0.041308 0.075342
0 0.892427 0.390411 0.041308 0.075342
0 0.895009 0.743151 0.041308 0.082192
0 0.894148 0.830479 0.041308 0.085616
4 0.129088 0.304795 0.015491 0.075342
4 0.136403 0.395548 0.031842 0.092466
4 0.202238 0.297945 0.018933 0.075342
4 0.202238 0.393836 0.018933 0.075342
4 0.279690 0.304795 0.018933 0.075342
4 0.276248 0.390411 0.018933 0.075342
4 0.549914 0.301370 0.018933 0.075342
4 0.549914 0.390411 0.018933 0.075342
4 0.624785 0.301370 0.018933 0.075342
4 0.623924 0.397260 0.018933 0.075342
4 0.623924 0.746575 0.018933 0.075342
4 0.624785 0.828767 0.018933 0.075342
4 0.552496 0.739726 0.018933 0.075342
4 0.551205 0.830479 0.016351 0.078767
4 0.278830 0.739726 0.018933 0.075342
4 0.279690 0.835616 0.018933 0.075342
4 0.202238 0.832192 0.018933 0.075342
4 0.199656 0.736301 0.018933 0.075342
4 0.078313 0.746575 0.018933 0.075342
4 0.078313 0.825342 0.018933 0.075342
5 0.697504 0.299658 0.009466 0.085616
5 0.696644 0.385274 0.009466 0.085616
5 0.350688 0.296233 0.009466 0.085616
5 0.350688 0.398973 0.009466 0.085616
5 0.350688 0.734589 0.009466 0.085616
5 0.350688 0.840753 0.009466 0.085616
6 0.778830 0.303082 0.022375 0.092466
6 0.777969 0.392123 0.018933 0.085616
