2 0.131988 0.563559 0.226708 0.762712
2 0.861801 0.584746 0.226708 0.762712
3 0.075311 0.480932 0.085404 0.317797
3 0.079969 0.658898 0.085404 0.317797
2 0.190217 0.576271 0.079193 0.525424
2 0.802019 0.576271 0.079193 0.525424
3 0.915373 0.480932 0.085404 0.317797
3 0.921584 0.675847 0.085404 0.317797
0 0.305901 0.582627 0.102484 0.131356
0 0.495342 0.582627 0.102484 0.131356
0 0.684783 0.586864 0.102484 0.131356
4 0.395963 0.574153 0.027950 0.080508
4 0.585404 0.574153 0.031056 0.088983
7 0.493012 0.250000 0.029503 0.161017
3 0.492236 0.080508 0.040373 0.076271
