1 0.047312 0.379310 0.077419 0.729064
3 0.047312 0.266010 0.060215 0.344828
3 0.045699 0.472906 0.059140 0.354680
0 0.129032 0.268473 0.043011 0.123153
0 0.127419 0.504926 0.046237 0.133005
0 0.211828 0.551724 0.045161 0.128079
0 0.212903 0.216749 0.045161 0.108374
0 0.294086 0.219212 0.046237 0.123153
0 0.294624 0.539409 0.045161 0.123153
2 0.347312 0.374384 0.021505 0.591133
2 0.406989 0.384236 0.022581 0.591133
0 0.458065 0.219212 0.045161 0.103448
0 0.460215 0.556650 0.045161 0.108374
5 0.505376 0.556650 0.021505 0.147783
5 0.506989 0.221675 0.018280 0.137931
0 0.555914 0.216749 0.043011 0.098522
0 0.555914 0.546798 0.045161 0.088670
1 0.775269 0.450739 0.077419 0.645320
0 0.899462 0.551724 0.046237 0.118227
0 0.899462 0.214286 0.039785 0.123153
2 0.954301 0.374384 0.026882 0.591133
1 0.845161 0.389163 0.030108 0.482759
7 0.623656 0.325123 0.023656 0.167488
7 0.680108 0.440887 0.020430 0.142857
9 0.624194 0.440887 0.013978 0.054187
9 0.762903 0.662562 0.024731 0.113300
9 0.763441 0.327586 0.017204 0.123153
