4 0.161234 0.487603 0.015134 0.066116
4 0.318976 0.475207 0.018626 0.066116
7 0.359721 0.477273 0.053551 0.119835
4 0.545984 0.483471 0.018626 0.090909
4 0.703725 0.485537 0.015134 0.061983
0 0.781723 0.473140 0.119907 0.177686
0 0.624563 0.481405 0.122235 0.161157
0 0.464494 0.477273 0.121071 0.169421
0 0.240396 0.483471 0.117579 0.181818
2 0.075669 0.491736 0.132712 0.735537
3 0.076834 0.417355 0.100116 0.314050
3 0.076834 0.613636 0.097788 0.309917
3 0.929569 0.452479 0.077998 0.260331
3 0.930733 0.619835 0.082654 0.272727
2 0.928405 0.491736 0.119907 0.636364
