1 0.045504 0.501613 0.084507 0.912903
1 0.843987 0.495161 0.023835 0.590323
1 0.739166 0.495161 0.025460 0.590323
2 0.945829 0.491935 0.024919 0.790323
2 0.537649 0.488710 0.033044 0.770968
2 0.399512 0.501613 0.022210 0.732258
2 0.339924 0.491935 0.021127 0.764516
5 0.497833 0.277419 0.014085 0.154839
5 0.498375 0.727419 0.013001 0.209677
5 0.641387 0.719355 0.018418 0.225806
5 0.640845 0.280645 0.015168 0.187097
0 0.124052 0.340323 0.041170 0.138710
0 0.125135 0.650000 0.041170 0.138710
0 0.208559 0.695161 0.043337 0.145161
0 0.288732 0.716129 0.039003 0.161290
0 0.288462 0.264516 0.046046 0.167742
0 0.205309 0.283871 0.041170 0.154839
0 0.450433 0.283871 0.044962 0.167742
0 0.451246 0.693548 0.039003 0.148387
0 0.594258 0.709677 0.046587 0.161290
0 0.595612 0.283871 0.044962 0.141935
0 0.687432 0.277419 0.042254 0.129032
0 0.689057 0.698387 0.045504 0.170968
0 0.787920 0.696774 0.041712 0.167742
0 0.791441 0.280645 0.055255 0.200000
0 0.893824 0.270968 0.043337 0.154839
0 0.893283 0.691935 0.037920 0.125806
