1 0.055909 0.491803 0.092757 0.911475
3 0.051461 0.501639 0.067344 0.721311
0 0.145807 0.634426 0.048920 0.147541
0 0.145807 0.340984 0.052732 0.150820
0 0.240470 0.277049 0.052732 0.140984
0 0.337675 0.265574 0.056544 0.150820
0 0.338945 0.706557 0.055273 0.154098
0 0.241741 0.716393 0.046379 0.134426
2 0.401525 0.498361 0.029225 0.760656
2 0.468234 0.486885 0.029225 0.770492
5 0.582592 0.706557 0.013977 0.186885
5 0.584816 0.272131 0.017154 0.170492
1 0.697903 0.501639 0.031131 0.629508
1 0.817027 0.490164 0.029225 0.600000
2 0.939962 0.485246 0.029860 0.767213
0 0.878018 0.706557 0.048285 0.147541
0 0.878653 0.272131 0.049555 0.137705
0 0.757942 0.272131 0.052097 0.150820
0 0.758577 0.700000 0.049555 0.140984
0 0.635959 0.719672 0.050826 0.140984
0 0.635959 0.275410 0.052097 0.177049
0 0.529860 0.709836 0.054638 0.140984
0 0.527954 0.260656 0.052097 0.140984
