14 0.667534 0.286967 0.072869 0.263158
14 0.665582 0.621554 0.068966 0.250627
1 0.823682 0.492481 0.031230 0.473684
1 0.532856 0.570175 0.104099 0.669173
1 0.054652 0.494987 0.094990 0.724311
0 0.896552 0.339599 0.046845 0.127820
0 0.895576 0.659148 0.055303 0.110276
0 0.746584 0.670426 0.051399 0.112782
0 0.745608 0.339599 0.050748 0.112782
0 0.444697 0.337093 0.050098 0.092732
0 0.446975 0.670426 0.052049 0.117794
0 0.247885 0.672932 0.057254 0.107769
0 0.246584 0.334586 0.052049 0.127820
0 0.147690 0.380952 0.055953 0.120301
0 0.148992 0.617794 0.054652 0.122807
5 0.318152 0.338346 0.024723 0.150376
5 0.317827 0.662907 0.016265 0.132832
2 0.958686 0.498747 0.029278 0.616541
7 0.359141 0.215539 0.020820 0.160401
7 0.359792 0.774436 0.018217 0.135338
