1 0.115136 0.305380 0.214748 0.585443
1 0.111902 0.710443 0.218629 0.231013
1 0.935964 0.251582 0.128072 0.496835
1 0.935964 0.748418 0.128072 0.503165
2 0.169470 0.306962 0.059508 0.430380
2 0.115783 0.704114 0.166882 0.167722
3 0.067270 0.234177 0.075032 0.259494
3 0.067270 0.386076 0.075032 0.259494
3 0.949547 0.224684 0.075032 0.259494
3 0.953428 0.357595 0.075032 0.259494
3 0.948254 0.702532 0.075032 0.259494
3 0.952135 0.838608 0.075032 0.259494
0 0.300776 0.318038 0.058215 0.104430
0 0.302070 0.719937 0.058215 0.104430
0 0.415912 0.716772 0.058215 0.104430
0 0.415912 0.318038 0.058215 0.104430
0 0.582794 0.311709 0.058215 0.104430
0 0.713454 0.321203 0.058215 0.104430
0 0.836352 0.327532 0.058215 0.104430
0 0.837646 0.716772 0.058215 0.104430
0 0.710867 0.707278 0.058215 0.104430
0 0.580207 0.713608 0.058215 0.104430
4 0.353169 0.321203 0.023286 0.072785
4 0.354463 0.718354 0.023286 0.075949
4 0.652005 0.520570 0.023286 0.072785
7 0.485123 0.319620 0.049159 0.082278
7 0.485123 0.721519 0.049159 0.082278
7 0.768435 0.325949 0.049159 0.082278
7 0.769728 0.715190 0.049159 0.082278
