3 0.046018 0.224820 0.063717 0.255396
3 0.043805 0.383094 0.064602 0.276978
3 0.454425 0.708633 0.048673 0.194245
3 0.453982 0.834532 0.053097 0.201439
3 0.567699 0.712230 0.053982 0.215827
3 0.567257 0.827338 0.058407 0.208633
3 0.843805 0.710432 0.053982 0.205036
3 0.843805 0.829137 0.052212 0.212230
3 0.960177 0.710432 0.053097 0.205036
3 0.962832 0.836331 0.054867 0.205036
0 0.135398 0.271583 0.069027 0.140288
0 0.211947 0.264388 0.071681 0.133094
0 0.299115 0.267986 0.069027 0.147482
0 0.396018 0.474820 0.036283 0.294964
0 0.451327 0.269784 0.072566 0.143885
0 0.561947 0.267986 0.076106 0.140288
0 0.646903 0.271583 0.074336 0.147482
0 0.733186 0.267986 0.071681 0.140288
0 0.838496 0.271583 0.078761 0.147482
0 0.780088 0.476619 0.036283 0.305755
0 0.898673 0.474820 0.036283 0.294964
0 0.510177 0.476619 0.038053 0.298561
7 0.361504 0.266187 0.036283 0.086331
4 0.089823 0.271583 0.013274 0.046763
4 0.257522 0.271583 0.014159 0.053957
4 0.605310 0.271583 0.012389 0.061151
4 0.690265 0.271583 0.012389 0.053957
2 0.450442 0.735612 0.076106 0.456835
2 0.566372 0.744604 0.074336 0.453237
2 0.840265 0.757194 0.076991 0.471223
2 0.960619 0.753597 0.076991 0.485612
2 0.043363 0.278777 0.077876 0.528777
