1 0.065972 0.717153 0.119599 0.532847
3 0.055556 0.636861 0.066358 0.171533
3 0.050154 0.810219 0.066358 0.171533
0 0.185957 0.638686 0.072531 0.087591
0 0.184414 0.808394 0.072531 0.087591
0 0.301698 0.605839 0.072531 0.087591
0 0.302469 0.841241 0.072531 0.087591
0 0.485340 0.607664 0.072531 0.087591
0 0.482253 0.844891 0.072531 0.087591
0 0.663580 0.600365 0.072531 0.087591
0 0.660494 0.846715 0.072531 0.087591
0 0.844136 0.604015 0.072531 0.087591
0 0.842593 0.848540 0.072531 0.087591
0 0.727623 0.445255 0.038580 0.160584
0 0.783951 0.445255 0.038580 0.160584
0 0.368056 0.450730 0.038580 0.160584
0 0.420525 0.447080 0.038580 0.160584
2 0.572531 0.715328 0.072531 0.467153
2 0.919367 0.720803 0.045525 0.448905
7 0.366898 0.297445 0.031636 0.116788
7 0.423997 0.297445 0.031636 0.116788
7 0.724923 0.293796 0.031636 0.116788
7 0.782022 0.290146 0.031636 0.116788
10 0.396991 0.152372 0.074846 0.096715
10 0.756559 0.057482 0.074846 0.096715
12 0.726852 0.183394 0.046296 0.067518
12 0.784722 0.179745 0.046296 0.067518
