1 0.049903 0.485092 0.088178 0.708716
3 0.048934 0.300459 0.068798 0.252294
3 0.048450 0.677752 0.065891 0.263761
3 0.956395 0.670872 0.065891 0.263761
3 0.959302 0.299312 0.065891 0.263761
0 0.140504 0.248853 0.056202 0.103211
0 0.140504 0.358945 0.056202 0.103211
0 0.234981 0.221330 0.066860 0.103211
0 0.234012 0.379587 0.066860 0.103211
0 0.345446 0.230505 0.066860 0.103211
0 0.344477 0.377294 0.066860 0.103211
0 0.237888 0.606651 0.066860 0.103211
0 0.236919 0.767202 0.066860 0.103211
0 0.346415 0.613532 0.066860 0.103211
0 0.347384 0.769495 0.066860 0.103211
0 0.623062 0.223624 0.075581 0.103211
0 0.625969 0.384174 0.075581 0.103211
0 0.624031 0.608945 0.075581 0.103211
0 0.625969 0.755734 0.075581 0.103211
0 0.769380 0.216743 0.075581 0.103211
0 0.769380 0.375000 0.075581 0.103211
0 0.769380 0.602064 0.075581 0.103211
0 0.770349 0.755734 0.075581 0.103211
0 0.871609 0.220183 0.057171 0.091743
0 0.872578 0.369266 0.057171 0.091743
0 0.872578 0.607798 0.057171 0.091743
0 0.875484 0.756881 0.057171 0.091743
0 0.140988 0.639908 0.057171 0.091743
0 0.140988 0.733945 0.057171 0.091743
4 0.290698 0.607798 0.017442 0.055046
4 0.290698 0.766055 0.017442 0.055046
4 0.276163 0.380734 0.017442 0.055046
4 0.280039 0.224771 0.017442 0.055046
4 0.192829 0.230505 0.021318 0.061927
4 0.190891 0.381881 0.021318 0.061927
4 0.100775 0.631881 0.021318 0.061927
4 0.101744 0.728211 0.021318 0.061927
4 0.831395 0.223624 0.021318 0.061927
4 0.826550 0.380734 0.019380 0.064220
4 0.810078 0.605505 0.019380 0.064220
4 0.811047 0.761468 0.019380 0.064220
5 0.297965 0.220183 0.012597 0.105505
5 0.296027 0.385321 0.012597 0.105505
5 0.830911 0.603211 0.012597 0.105505
5 0.835756 0.763761 0.012597 0.105505
1 0.948159 0.496560 0.088178 0.708716
7 0.406008 0.501147 0.044574 0.754587
7 0.528101 0.505734 0.044574 0.754587
7 0.704457 0.503440 0.044574 0.754587
