1 0.033133 0.535959 0.064544 0.907534
2 0.452238 0.566781 0.071429 0.667808
2 0.956540 0.539384 0.083477 0.763699
3 0.032272 0.342466 0.043890 0.253425
0 0.086489 0.306507 0.037005 0.071918
0 0.086489 0.378425 0.037005 0.071918
0 0.160929 0.299658 0.037866 0.085616
0 0.160069 0.388699 0.037866 0.085616
0 0.110585 0.751712 0.037005 0.065068
0 0.109725 0.816781 0.037005 0.065068
0 0.160069 0.731164 0.039587 0.085616
0 0.159208 0.830479 0.039587 0.085616
0 0.238382 0.738014 0.039587 0.085616
0 0.237522 0.833904 0.039587 0.085616
0 0.314974 0.731164 0.039587 0.085616
0 0.317556 0.827055 0.039587 0.085616
0 0.387263 0.734589 0.039587 0.085616
0 0.386403 0.827055 0.039587 0.085616
0 0.512909 0.738014 0.039587 0.085616
0 0.513769 0.823630 0.039587 0.085616
0 0.589501 0.741438 0.039587 0.085616
0 0.588640 0.830479 0.039587 0.085616
0 0.588640 0.292808 0.039587 0.085616
0 0.587780 0.385274 0.039587 0.085616
0 0.514630 0.303082 0.039587 0.085616
0 0.515491 0.385274 0.039587 0.085616
0 0.385542 0.299658 0.039587 0.085616
0 0.387263 0.385274 0.039587 0.085616
0 0.315835 0.303082 0.039587 0.085616
0 0.315835 0.388699 0.039587 0.085616
0 0.238382 0.303082 0.039587 0.085616
0 0.238382 0.388699 0.039587 0.085616
0 0.656627 0.299658 0.039587 0.085616
0 0.654905 0.392123 0.039587 0.085616
0 0.739243 0.303082 0.039587 0.085616
0 0.736661 0.381849 0.039587 0.085616
0 0.817556 0.299658 0.039587 0.085616
0 0.816695 0.388699 0.039587 0.085616
0 0.895009 0.303082 0.039587 0.085616
0 0.892427 0.388699 0.039587 0.085616
0 0.894148 0.741438 0.039587 0.085616
0 0.894148 0.837329 0.041308 0.099315
0 0.735800 0.738014 0.041308 0.099315
0 0.736661 0.837329 0.041308 0.099315
3 0.032272 0.791096 0.043890 0.253425
5 0.351119 0.301370 0.015491 0.089041
5 0.351119 0.397260 0.015491 0.089041
5 0.351119 0.732877 0.015491 0.089041
5 0.350258 0.835616 0.015491 0.089041
5 0.697935 0.301370 0.015491 0.089041
5 0.696213 0.393836 0.015491 0.089041
4 0.127367 0.303082 0.018933 0.065068
4 0.127797 0.388699 0.019793 0.078767
4 0.202668 0.299658 0.019793 0.078767
4 0.201807 0.392123 0.019793 0.078767
4 0.279260 0.304795 0.019793 0.082192
4 0.277539 0.393836 0.019793 0.082192
4 0.278399 0.736301 0.019793 0.082192
4 0.280120 0.828767 0.019793 0.082192
4 0.077883 0.753425 0.019793 0.082192
4 0.077883 0.821918 0.019793 0.082192
4 0.204389 0.732877 0.019793 0.082192
4 0.201807 0.835616 0.019793 0.082192
4 0.552065 0.304795 0.019793 0.082192
4 0.552926 0.397260 0.019793 0.082192
4 0.551205 0.732877 0.019793 0.082192
4 0.552926 0.832192 0.019793 0.082192
4 0.623494 0.297945 0.019793 0.082192
4 0.625215 0.390411 0.019793 0.082192
4 0.625215 0.739726 0.019793 0.082192
4 0.623494 0.827055 0.018072 0.078767
6 0.780120 0.296233 0.024957 0.092466
6 0.780120 0.395548 0.024957 0.092466
1 0.861015 0.361301 0.026678 0.325342
1 0.860155 0.758562 0.026678 0.325342
