1 0.060920 0.490446 0.095917 0.904459
1 0.691834 0.482484 0.042126 0.633758
1 0.815619 0.501592 0.042126 0.633758
2 0.450097 0.490446 0.049903 0.815287
2 0.938756 0.482484 0.046014 0.767516
0 0.150356 0.332803 0.060920 0.187898
0 0.149708 0.641720 0.060920 0.187898
0 0.248218 0.281847 0.060920 0.187898
0 0.246273 0.699045 0.060920 0.187898
0 0.345431 0.285032 0.060920 0.187898
0 0.343487 0.705414 0.060920 0.187898
0 0.518471 0.278662 0.060920 0.187898
0 0.517174 0.705414 0.060920 0.187898
0 0.629942 0.281847 0.060920 0.187898
0 0.629942 0.708599 0.060920 0.187898
0 0.751782 0.272293 0.060920 0.187898
0 0.752430 0.708599 0.060920 0.187898
0 0.875567 0.278662 0.060920 0.187898
0 0.876215 0.702229 0.060920 0.187898
5 0.403759 0.281847 0.015554 0.187898
5 0.401815 0.692675 0.015554 0.187898
5 0.574206 0.285032 0.015554 0.187898
5 0.576150 0.679936 0.015554 0.187898
3 0.053791 0.500000 0.071290 0.719745
