3 0.046158 0.205234 0.060155 0.300275
3 0.049434 0.564050 0.061942 0.183196
3 0.046456 0.681818 0.061942 0.195592
1 0.050030 0.205234 0.088148 0.382920
1 0.051221 0.619146 0.085765 0.381543
0 0.132222 0.136364 0.047647 0.060606
0 0.133115 0.270661 0.049434 0.064738
0 0.132519 0.554408 0.049434 0.059229
0 0.134902 0.684573 0.044669 0.055096
0 0.224836 0.714876 0.049434 0.063361
0 0.313580 0.716253 0.047052 0.063361
0 0.314175 0.530992 0.049434 0.053719
0 0.224538 0.530303 0.048839 0.063361
0 0.313282 0.293388 0.050030 0.066116
0 0.224538 0.294766 0.051221 0.066116
0 0.313877 0.110882 0.052412 0.059229
0 0.224538 0.110193 0.048839 0.057851
5 0.365694 0.110882 0.032162 0.081267
5 0.366289 0.295455 0.026206 0.108815
5 0.364503 0.527548 0.027397 0.115702
5 0.365992 0.719008 0.024419 0.093664
2 0.409768 0.414601 0.035736 0.790634
0 0.472603 0.110882 0.045861 0.070248
0 0.474390 0.293388 0.048243 0.068871
0 0.472901 0.528237 0.045265 0.056474
0 0.472901 0.713499 0.047647 0.049587
0 0.584872 0.712810 0.047647 0.056474
0 0.585765 0.532369 0.045861 0.059229
0 0.584574 0.295455 0.047052 0.061983
0 0.586063 0.109504 0.044074 0.053719
1 0.529780 0.203168 0.029184 0.257576
1 0.528291 0.623278 0.027397 0.260331
1 0.641751 0.621212 0.030375 0.250689
1 0.643836 0.205234 0.027397 0.250689
1 0.699524 0.110882 0.049434 0.053719
1 0.697439 0.291322 0.048839 0.053719
0 0.699524 0.528237 0.047052 0.067493
0 0.698332 0.712810 0.045861 0.056474
5 0.781418 0.111570 0.019059 0.082645
5 0.782609 0.294766 0.021441 0.104683
5 0.748064 0.530303 0.019059 0.079890
5 0.751042 0.716942 0.030971 0.084022
2 0.920786 0.413912 0.026206 0.742424
0 0.861823 0.712810 0.046456 0.053719
0 0.862716 0.530303 0.044669 0.055096
0 0.862418 0.295455 0.045265 0.061983
0 0.863311 0.112259 0.044669 0.056474
7 0.792138 0.579201 0.019059 0.081267
7 0.790649 0.758264 0.020846 0.073003
9 0.791840 0.826446 0.023228 0.046832
9 0.793032 0.650138 0.026802 0.049587
1 0.780226 0.633609 0.108398 0.468320
