1 0.043636 0.536624 0.063636 0.640127
1 0.675909 0.378981 0.031818 0.286624
1 0.777727 0.372611 0.031818 0.286624
1 0.779545 0.719745 0.031818 0.286624
2 0.380909 0.536624 0.032727 0.652866
2 0.937727 0.554140 0.077273 0.643312
3 0.045000 0.692675 0.050000 0.207006
0 0.094091 0.323248 0.039091 0.073248
0 0.094091 0.402866 0.039091 0.073248
0 0.165000 0.304140 0.042727 0.079618
0 0.165909 0.418790 0.042727 0.079618
0 0.239545 0.307325 0.042727 0.079618
0 0.238636 0.418790 0.042727 0.079618
0 0.334091 0.307325 0.042727 0.079618
0 0.333182 0.425159 0.042727 0.079618
0 0.433182 0.310510 0.042727 0.079618
0 0.433182 0.431529 0.042727 0.079618
0 0.332273 0.635350 0.042727 0.079618
0 0.332273 0.762739 0.042727 0.079618
0 0.237727 0.635350 0.042727 0.079618
0 0.240455 0.756369 0.042727 0.079618
0 0.165000 0.757962 0.040909 0.076433
0 0.166818 0.641720 0.042727 0.079618
0 0.123182 0.742038 0.040909 0.076433
0 0.121364 0.656051 0.040909 0.076433
0 0.496818 0.628981 0.042727 0.079618
0 0.496818 0.756369 0.042727 0.079618
0 0.675455 0.632166 0.049091 0.079618
0 0.677273 0.759554 0.049091 0.079618
0 0.868636 0.636943 0.050000 0.082803
0 0.868636 0.754777 0.050000 0.082803
0 0.864091 0.315287 0.050000 0.082803
0 0.865000 0.433121 0.050000 0.082803
0 0.724091 0.315287 0.050000 0.082803
0 0.724091 0.433121 0.050000 0.082803
0 0.627727 0.312102 0.050000 0.082803
0 0.629545 0.436306 0.050000 0.082803
0 0.536818 0.308917 0.050000 0.082803
0 0.535909 0.426752 0.050000 0.082803
5 0.476364 0.312102 0.012727 0.089172
5 0.475000 0.433121 0.015455 0.108280
5 0.289545 0.315287 0.015455 0.108280
5 0.289545 0.429936 0.015455 0.108280
5 0.283182 0.643312 0.015455 0.108280
5 0.282273 0.764331 0.015455 0.108280
4 0.132273 0.307325 0.019091 0.073248
4 0.132273 0.415605 0.019091 0.073248
4 0.088636 0.657643 0.019091 0.073248
4 0.086818 0.734076 0.019091 0.073248
4 0.201364 0.638535 0.019091 0.073248
4 0.201364 0.762739 0.019091 0.073248
4 0.202273 0.421975 0.019091 0.073248
4 0.199545 0.313694 0.019091 0.073248
4 0.591364 0.310510 0.019091 0.073248
4 0.592273 0.418790 0.019091 0.073248
4 0.595909 0.641720 0.019091 0.073248
4 0.595909 0.759554 0.019091 0.073248
4 0.828636 0.320064 0.019091 0.073248
4 0.826818 0.431529 0.019091 0.073248
4 0.826818 0.641720 0.024545 0.085987
4 0.827727 0.765924 0.024545 0.085987
3 0.043182 0.355096 0.050000 0.207006
