2 0.096231 0.576271 0.122476 0.694915
2 0.540377 0.183616 0.079408 0.163842
2 0.646703 0.189266 0.079408 0.163842
0 0.252355 0.512712 0.065949 0.115819
0 0.334455 0.509887 0.065949 0.115819
0 0.256393 0.778249 0.065949 0.115819
0 0.540377 0.368644 0.060565 0.132768
0 0.648048 0.374294 0.060565 0.132768
0 0.596231 0.512712 0.064603 0.104520
4 0.196501 0.511299 0.034993 0.062147
4 0.405114 0.508475 0.034993 0.062147
4 0.541050 0.514124 0.034993 0.062147
4 0.650067 0.511299 0.034993 0.062147
7 0.403096 0.374294 0.030956 0.093220
7 0.385599 0.779661 0.052490 0.073446
7 0.463661 0.519774 0.052490 0.073446
5 0.504038 0.604520 0.028264 0.050847
9 0.504711 0.720339 0.034993 0.045198
9 0.448183 0.881356 0.034993 0.045198
10 0.405787 0.259887 0.100942 0.096045
