1 0.044511 0.503311 0.087930 0.953642
3 0.042873 0.506623 0.062807 0.761589
0 0.122064 0.354305 0.047515 0.185430
1 0.741125 0.486755 0.037138 0.635762
1 0.848717 0.506623 0.037138 0.635762
0 0.123157 0.662252 0.047515 0.185430
0 0.206171 0.284768 0.047515 0.185430
0 0.287002 0.294702 0.047515 0.185430
0 0.204533 0.728477 0.047515 0.185430
0 0.288094 0.728477 0.047515 0.185430
0 0.450847 0.288079 0.047515 0.185430
0 0.451939 0.728477 0.047515 0.185430
0 0.594484 0.291391 0.047515 0.185430
0 0.597761 0.725166 0.047515 0.185430
0 0.690060 0.284768 0.047515 0.185430
0 0.691152 0.731788 0.047515 0.185430
0 0.793282 0.278146 0.047515 0.185430
0 0.792190 0.715232 0.047515 0.185430
0 0.897597 0.284768 0.047515 0.185430
0 0.897597 0.715232 0.047515 0.185430
2 0.340251 0.514901 0.029492 0.811258
2 0.399782 0.521523 0.029492 0.811258
2 0.540415 0.493377 0.036592 0.841060
2 0.950027 0.498344 0.030038 0.804636
5 0.499727 0.293046 0.016384 0.201987
5 0.498635 0.720199 0.016384 0.201987
5 0.644457 0.283113 0.016384 0.201987
5 0.645003 0.743377 0.016384 0.201987
