1 0.062766 0.490196 0.112766 0.941176
1 0.647340 0.492647 0.039362 0.642157
1 0.784574 0.492647 0.039362 0.642157
2 0.496809 0.490196 0.070213 0.843137
2 0.922872 0.490196 0.041489 0.803922
0 0.162766 0.330882 0.068085 0.200980
0 0.161170 0.649510 0.058511 0.181373
0 0.269681 0.272059 0.058511 0.181373
0 0.270745 0.708333 0.058511 0.181373
0 0.380319 0.281863 0.058511 0.181373
0 0.380319 0.708333 0.058511 0.181373
0 0.579255 0.276961 0.058511 0.181373
0 0.579255 0.718137 0.058511 0.181373
0 0.717553 0.272059 0.058511 0.181373
0 0.715426 0.718137 0.058511 0.181373
0 0.853723 0.276961 0.058511 0.181373
0 0.853723 0.718137 0.058511 0.181373
5 0.442553 0.267157 0.023404 0.181373
5 0.441489 0.718137 0.023404 0.181373
3 0.055851 0.490196 0.077660 0.725490
