2 0.827055 0.448454 0.034247 0.715464
2 0.948916 0.452577 0.033676 0.707216
0 0.747432 0.251546 0.065639 0.119588
0 0.748858 0.656701 0.067352 0.125773
0 0.587900 0.658763 0.063927 0.117526
0 0.588185 0.253608 0.065639 0.136082
0 0.444064 0.256701 0.065068 0.129897
0 0.443779 0.656701 0.062215 0.125773
0 0.315068 0.659794 0.069635 0.123711
0 0.316495 0.248454 0.069064 0.134021
0 0.188642 0.309278 0.070205 0.119588
0 0.188071 0.600000 0.066781 0.136082
3 0.068493 0.441237 0.084475 0.643299
1 0.066781 0.455670 0.121005 0.841237
1 0.666952 0.459794 0.038242 0.548454
5 0.515696 0.253608 0.024543 0.173196
5 0.517123 0.655670 0.015982 0.160825
