1 0.068376 0.458333 0.131868 0.890351
1 0.666667 0.462719 0.048840 0.600877
2 0.826618 0.453947 0.041514 0.723684
2 0.943834 0.445175 0.041514 0.723684
0 0.188645 0.304825 0.074481 0.162281
0 0.188645 0.598684 0.074481 0.162281
0 0.316850 0.254386 0.069597 0.149123
0 0.316850 0.649123 0.069597 0.149123
0 0.443834 0.254386 0.069597 0.149123
0 0.443834 0.649123 0.069597 0.149123
0 0.586691 0.254386 0.069597 0.149123
0 0.587912 0.644737 0.069597 0.149123
0 0.747863 0.250000 0.069597 0.149123
0 0.747863 0.657895 0.069597 0.149123
5 0.516484 0.254386 0.019536 0.166667
5 0.516484 0.644737 0.019536 0.166667
3 0.067155 0.458333 0.090354 0.679825
