2 0.379733 0.573034 0.028953 0.685393
1 0.052339 0.571629 0.061618 0.699438
1 0.667780 0.393258 0.028953 0.337079
1 0.766518 0.404494 0.028953 0.337079
1 0.767261 0.769663 0.028953 0.337079
2 0.919079 0.589888 0.075724 0.719101
0 0.101707 0.330056 0.038604 0.081461
0 0.100965 0.425562 0.038604 0.081461
0 0.171492 0.324438 0.038604 0.081461
0 0.171492 0.442416 0.038604 0.081461
0 0.334076 0.318820 0.038604 0.081461
0 0.334818 0.445225 0.038604 0.081461
0 0.128434 0.695225 0.038604 0.081461
0 0.129918 0.790730 0.038604 0.081461
0 0.171492 0.683989 0.038604 0.081461
0 0.171492 0.810393 0.038604 0.081461
0 0.242019 0.318820 0.038604 0.081461
0 0.242762 0.436798 0.038604 0.081461
0 0.242762 0.678371 0.038604 0.081461
0 0.244246 0.810393 0.038604 0.081461
0 0.332591 0.681180 0.038604 0.081461
0 0.333333 0.813202 0.038604 0.081461
0 0.430586 0.318820 0.038604 0.081461
0 0.431329 0.450843 0.038604 0.081461
0 0.430586 0.675562 0.038604 0.081461
0 0.430586 0.813202 0.038604 0.081461
0 0.532294 0.318820 0.038604 0.081461
0 0.531552 0.450843 0.038604 0.081461
0 0.536377 0.676966 0.046771 0.078652
0 0.535635 0.808989 0.046771 0.078652
0 0.712695 0.321629 0.038604 0.081461
0 0.712695 0.448034 0.038604 0.081461
0 0.710468 0.672753 0.050483 0.081461
0 0.709725 0.804775 0.050483 0.081461
0 0.851151 0.321629 0.040831 0.081461
0 0.850408 0.450843 0.040831 0.081461
0 0.854120 0.671348 0.046771 0.084270
0 0.854120 0.814607 0.046771 0.084270
5 0.298812 0.323034 0.012621 0.089888
5 0.296214 0.446629 0.011878 0.101124
5 0.293987 0.679775 0.011878 0.101124
5 0.292502 0.803371 0.011878 0.101124
5 0.473645 0.317416 0.011878 0.101124
5 0.472160 0.457865 0.011878 0.101124
5 0.472903 0.679775 0.011878 0.101124
5 0.471418 0.820225 0.011878 0.101124
4 0.139198 0.321629 0.015590 0.070225
4 0.139198 0.442416 0.015590 0.070225
4 0.096882 0.700843 0.015590 0.070225
4 0.096882 0.790730 0.015590 0.070225
4 0.207498 0.318820 0.015590 0.070225
4 0.207498 0.439607 0.015590 0.070225
4 0.206756 0.681180 0.015590 0.070225
4 0.206756 0.810393 0.015590 0.070225
4 0.269859 0.310393 0.015590 0.070225
4 0.269859 0.445225 0.015590 0.070225
4 0.269859 0.681180 0.015590 0.070225
4 0.269117 0.806180 0.015590 0.073034
7 0.647736 0.720506 0.014105 0.081461
7 0.649220 0.860955 0.014105 0.081461
3 0.053081 0.380618 0.046771 0.221910
3 0.056793 0.731742 0.046771 0.221910
