2 0.099746 0.479705 0.174079 0.907749
2 0.859593 0.490775 0.240152 0.826568
2 0.709657 0.485240 0.031766 0.852399
3 0.091487 0.380074 0.094028 0.376384
3 0.097840 0.649446 0.094028 0.376384
3 0.915502 0.385609 0.082592 0.372694
3 0.921220 0.642066 0.094028 0.376384
0 0.264930 0.396679 0.105464 0.129151
0 0.264930 0.651292 0.105464 0.129151
0 0.388183 0.654982 0.105464 0.129151
0 0.484752 0.400369 0.105464 0.129151
0 0.606734 0.392989 0.105464 0.129151
0 0.605464 0.651292 0.105464 0.129151
7 0.499365 0.647601 0.060991 0.092251
0 0.813850 0.392989 0.105464 0.129151
0 0.817662 0.643911 0.105464 0.129151
7 0.383100 0.387454 0.067344 0.095941
