1 0.053968 0.488372 0.093122 0.703488
1 0.937566 0.511628 0.093122 0.703488
3 0.057143 0.313953 0.074074 0.250000
3 0.055026 0.677326 0.074074 0.250000
3 0.940741 0.302326 0.074074 0.250000
3 0.935979 0.680233 0.077249 0.250000
0 0.166138 0.265988 0.086772 0.095930
0 0.166138 0.364826 0.086772 0.095930
0 0.291005 0.239826 0.086772 0.095930
0 0.292063 0.390988 0.086772 0.095930
0 0.409524 0.236919 0.086772 0.095930
0 0.409524 0.388081 0.086772 0.095930
0 0.538624 0.236919 0.086772 0.095930
0 0.537566 0.385174 0.086772 0.095930
0 0.687831 0.228198 0.086772 0.095930
0 0.830688 0.228198 0.086772 0.095930
0 0.688889 0.382267 0.086772 0.095930
0 0.827513 0.382267 0.086772 0.095930
0 0.166138 0.649709 0.086772 0.095930
0 0.165079 0.745640 0.086772 0.095930
0 0.288889 0.617733 0.086772 0.095930
0 0.291005 0.765988 0.086772 0.095930
0 0.411640 0.617733 0.086772 0.095930
0 0.412698 0.765988 0.086772 0.095930
0 0.538624 0.611919 0.086772 0.095930
0 0.539683 0.760174 0.086772 0.095930
0 0.689947 0.609012 0.086772 0.095930
0 0.687831 0.760174 0.086772 0.095930
0 0.829630 0.606105 0.086772 0.095930
0 0.831746 0.757267 0.086772 0.095930
4 0.242328 0.239826 0.016931 0.072674
4 0.241270 0.390988 0.016931 0.072674
4 0.355556 0.239826 0.016931 0.072674
4 0.354497 0.392442 0.019048 0.081395
4 0.465608 0.235465 0.019048 0.081395
4 0.462434 0.389535 0.019048 0.081395
4 0.475661 0.620640 0.017989 0.061047
4 0.473016 0.770349 0.019048 0.081395
4 0.357672 0.773256 0.019048 0.081395
4 0.355556 0.613372 0.019048 0.081395
4 0.108995 0.642442 0.019048 0.081395
4 0.108995 0.741279 0.019048 0.069767
4 0.750794 0.609012 0.017989 0.061047
4 0.750794 0.760174 0.017989 0.061047
4 0.744444 0.390988 0.017989 0.061047
4 0.746561 0.245640 0.017989 0.061047
2 0.612698 0.520349 0.048677 0.750000
