5 0.078947 0.706320 0.050483 0.040892
5 0.255102 0.708178 0.050483 0.040892
9 0.081096 0.856877 0.069817 0.059480
9 0.260473 0.858736 0.069817 0.059480
7 0.352309 0.229554 0.070892 0.050186
7 0.355532 0.551115 0.070892 0.050186
7 0.432868 0.405204 0.032223 0.111524
2 0.655209 0.237918 0.109560 0.044610
2 0.658432 0.563197 0.109560 0.044610
2 0.526316 0.563197 0.111708 0.066914
2 0.526316 0.237918 0.111708 0.066914
4 0.452739 0.240706 0.026853 0.053903
4 0.454350 0.558550 0.025779 0.050186
4 0.730397 0.236989 0.025779 0.050186
4 0.730397 0.562268 0.025779 0.050186
17 0.257250 0.335502 0.112782 0.135688
