12 0.802535 0.425000 0.035159 0.128261
12 0.801717 0.623913 0.033524 0.126087
0 0.845871 0.354348 0.046607 0.073913
0 0.846688 0.554348 0.049877 0.073913
2 0.893295 0.451087 0.031889 0.363043
0 0.753475 0.357609 0.044971 0.076087
0 0.755110 0.552174 0.046607 0.078261
0 0.624693 0.553261 0.047424 0.076087
0 0.620605 0.356522 0.047424 0.073913
2 0.562142 0.467391 0.044971 0.447826
2 0.445217 0.460870 0.041701 0.452174
0 0.389616 0.394565 0.051513 0.067391
0 0.389207 0.552174 0.050695 0.065217
0 0.307850 0.551087 0.051513 0.067391
0 0.308258 0.390217 0.052330 0.067391
0 0.227719 0.393478 0.048242 0.065217
0 0.225675 0.551087 0.047424 0.067391
4 0.266558 0.547826 0.013083 0.047826
4 0.183156 0.548913 0.016353 0.041304
4 0.186836 0.390217 0.015536 0.041304
0 0.145953 0.391304 0.053148 0.073913
0 0.145135 0.548913 0.054783 0.071739
1 0.069092 0.467391 0.087490 0.382609
6 0.693377 0.379348 0.065413 0.163043
6 0.694195 0.548913 0.067048 0.167391
