1 0.092563 0.460133 0.118671 0.495017
2 0.479430 0.491694 0.047468 0.710963
2 0.568038 0.481728 0.047468 0.710963
2 0.808544 0.495017 0.351266 0.970100
3 0.090190 0.397010 0.088608 0.235880
3 0.093354 0.529900 0.088608 0.235880
3 0.914557 0.194352 0.088608 0.235880
3 0.919304 0.353821 0.088608 0.235880
3 0.916139 0.546512 0.088608 0.235880
3 0.916139 0.702658 0.088608 0.235880
0 0.199367 0.451827 0.072785 0.093023
0 0.389241 0.458472 0.072785 0.093023
0 0.810127 0.269103 0.072785 0.093023
0 0.803797 0.624585 0.072785 0.093023
7 0.285601 0.458472 0.058544 0.066445
5 0.325158 0.619601 0.061709 0.056478
9 0.326741 0.818937 0.074367 0.069767
