1 0.064198 0.494083 0.106173 0.698225
1 0.902469 0.516272 0.133333 0.695266
0 0.195679 0.270710 0.095062 0.097633
0 0.191975 0.359467 0.095062 0.097633
0 0.194444 0.655325 0.095062 0.097633
0 0.193210 0.741124 0.095062 0.097633
0 0.356173 0.241124 0.095062 0.097633
0 0.356173 0.389053 0.095062 0.097633
0 0.361111 0.616864 0.095062 0.097633
0 0.361111 0.767751 0.095062 0.097633
0 0.505556 0.241124 0.095062 0.097633
0 0.505556 0.394970 0.095062 0.097633
0 0.509259 0.616864 0.095062 0.097633
0 0.511728 0.767751 0.095062 0.097633
0 0.725926 0.242604 0.098765 0.094675
0 0.725926 0.399408 0.098765 0.094675
0 0.730864 0.615385 0.098765 0.094675
0 0.730864 0.772189 0.098765 0.094675
3 0.066667 0.319527 0.086420 0.248521
3 0.065432 0.689349 0.086420 0.248521
3 0.911728 0.307692 0.095062 0.242604
3 0.901852 0.701183 0.107407 0.272189
4 0.126543 0.656805 0.018519 0.053254
4 0.129012 0.748521 0.018519 0.053254
4 0.295062 0.233728 0.022222 0.076923
4 0.292593 0.393491 0.022222 0.076923
4 0.440741 0.233728 0.022222 0.076923
4 0.438272 0.393491 0.022222 0.076923
4 0.582716 0.233728 0.022222 0.076923
4 0.579012 0.384615 0.022222 0.076923
4 0.445679 0.615385 0.022222 0.076923
4 0.443210 0.769231 0.022222 0.076923
4 0.598765 0.615385 0.022222 0.076923
4 0.593827 0.766272 0.022222 0.076923
5 0.659259 0.238166 0.022222 0.115385
5 0.651852 0.392012 0.022222 0.115385
5 0.659259 0.619822 0.027160 0.097633
5 0.659259 0.766272 0.027160 0.106509
