1 0.088040 0.456464 0.158361 0.612137
0 0.226467 0.329815 0.069767 0.110818
0 0.228682 0.572559 0.069767 0.110818
0 0.354928 0.329815 0.069767 0.110818
0 0.356035 0.572559 0.069767 0.110818
0 0.484496 0.329815 0.069767 0.110818
0 0.484496 0.577836 0.069767 0.110818
0 0.599668 0.327177 0.069767 0.110818
0 0.600775 0.569921 0.069767 0.110818
0 0.790144 0.343008 0.069767 0.110818
0 0.792359 0.583113 0.069767 0.110818
4 0.296235 0.331135 0.027685 0.055409
4 0.296235 0.571240 0.027685 0.055409
4 0.423588 0.328496 0.027685 0.055409
4 0.423588 0.573879 0.027685 0.055409
4 0.549834 0.323219 0.027685 0.055409
4 0.547619 0.573879 0.027685 0.055409
6 0.697121 0.349604 0.085271 0.166227
2 0.901993 0.447230 0.094131 0.509235
6 0.696013 0.550132 0.085271 0.166227
