1 0.044814 0.563869 0.067472 0.711679
1 0.623867 0.363139 0.033233 0.324818
1 0.737664 0.370438 0.033233 0.324818
1 0.740685 0.753650 0.033233 0.324818
2 0.325780 0.538321 0.031219 0.718978
2 0.415408 0.534672 0.031219 0.718978
2 0.942598 0.563869 0.084592 0.740876
3 0.045821 0.363139 0.053374 0.244526
3 0.046828 0.717153 0.053374 0.244526
0 0.101208 0.313869 0.043303 0.094891
0 0.100201 0.419708 0.043303 0.094891
0 0.180765 0.295620 0.043303 0.094891
0 0.269386 0.291971 0.043303 0.094891
0 0.180765 0.441606 0.043303 0.094891
0 0.267372 0.437956 0.043303 0.094891
0 0.131420 0.700730 0.043303 0.094891
0 0.131420 0.802920 0.045317 0.094891
0 0.179758 0.686131 0.045317 0.094891
0 0.180765 0.821168 0.045317 0.094891
0 0.269386 0.686131 0.045317 0.094891
0 0.268379 0.821168 0.045317 0.094891
0 0.475831 0.288321 0.045317 0.094891
0 0.473817 0.441606 0.045317 0.094891
0 0.577543 0.288321 0.045317 0.094891
0 0.575529 0.445255 0.045317 0.094891
0 0.683283 0.291971 0.045317 0.094891
0 0.682276 0.441606 0.045317 0.094891
0 0.576536 0.682482 0.045317 0.094891
0 0.576536 0.817518 0.045317 0.094891
4 0.094159 0.702555 0.021148 0.083942
4 0.095166 0.801095 0.021148 0.083942
4 0.221047 0.684307 0.019134 0.076642
4 0.219033 0.290146 0.021148 0.083942
4 0.221047 0.443431 0.021148 0.083942
4 0.220544 0.817518 0.020141 0.072993
4 0.794562 0.277372 0.020141 0.072993
4 0.796576 0.448905 0.020141 0.072993
4 0.793555 0.686131 0.020141 0.072993
4 0.794562 0.821168 0.020141 0.072993
0 0.835347 0.288321 0.045317 0.094891
0 0.838369 0.456204 0.045317 0.094891
0 0.838369 0.686131 0.045317 0.094891
0 0.837362 0.828467 0.045317 0.094891
5 0.530211 0.279197 0.017120 0.105839
5 0.528197 0.432482 0.017120 0.105839
