1 0.043798 0.495177 0.083243 0.900322
1 0.738847 0.500000 0.031556 0.633441
1 0.840588 0.500000 0.031556 0.633441
3 0.042165 0.475884 0.058215 0.726688
2 0.339499 0.490354 0.029380 0.794212
2 0.396627 0.503215 0.029380 0.794212
2 0.538629 0.495177 0.035909 0.784566
2 0.946681 0.491961 0.035909 0.784566
0 0.123776 0.345659 0.051687 0.176849
0 0.119967 0.654341 0.051687 0.176849
0 0.205386 0.689711 0.051687 0.176849
0 0.285909 0.696141 0.051687 0.176849
0 0.203210 0.278135 0.051687 0.176849
0 0.286997 0.284566 0.051687 0.176849
0 0.448585 0.271704 0.051687 0.176849
0 0.449674 0.705788 0.051687 0.176849
0 0.596572 0.281350 0.051687 0.176849
0 0.593308 0.705788 0.051687 0.176849
0 0.688520 0.281350 0.051687 0.176849
0 0.690696 0.709003 0.051687 0.176849
0 0.788629 0.696141 0.051687 0.176849
0 0.793526 0.278135 0.051687 0.176849
0 0.897443 0.297428 0.051687 0.176849
0 0.894723 0.712219 0.051687 0.176849
5 0.498912 0.268489 0.016322 0.189711
5 0.496736 0.702572 0.016322 0.189711
5 0.642546 0.290997 0.016322 0.189711
5 0.642546 0.686495 0.016322 0.189711
