2 0.095559 0.579096 0.129206 0.683616
2 0.539704 0.189266 0.078062 0.158192
2 0.648721 0.186441 0.078062 0.158192
4 0.195828 0.511299 0.033647 0.073446
4 0.403096 0.511299 0.033647 0.073446
4 0.540377 0.511299 0.033647 0.073446
4 0.648048 0.511299 0.033647 0.073446
0 0.253028 0.781073 0.072678 0.115819
0 0.257066 0.507062 0.072678 0.115819
0 0.335128 0.507062 0.072678 0.115819
0 0.593540 0.501412 0.059219 0.115819
0 0.540377 0.377119 0.052490 0.132768
0 0.645357 0.368644 0.052490 0.132768
10 0.399058 0.262712 0.068641 0.090395
7 0.403769 0.367232 0.032301 0.096045
7 0.386272 0.778249 0.056528 0.064972
7 0.465680 0.509887 0.056528 0.064972
5 0.501346 0.604520 0.033647 0.050847
9 0.506729 0.713277 0.041723 0.048023
9 0.446164 0.885593 0.041723 0.048023
