1 0.048960 0.490338 0.087522 0.942029
1 0.708839 0.490338 0.036395 0.661836
1 0.820624 0.490338 0.036395 0.661836
2 0.370451 0.490338 0.035529 0.797101
2 0.431109 0.495169 0.035529 0.797101
2 0.586655 0.492754 0.057192 0.801932
2 0.936742 0.480676 0.038128 0.806763
3 0.045927 0.495169 0.060659 0.739130
0 0.130849 0.647343 0.055459 0.173913
0 0.132582 0.323671 0.055459 0.173913
0 0.222704 0.285024 0.055459 0.173913
0 0.310225 0.280193 0.055459 0.173913
0 0.221837 0.719807 0.055459 0.173913
0 0.313692 0.700483 0.055459 0.173913
0 0.488735 0.280193 0.055459 0.173913
0 0.492201 0.719807 0.055459 0.173913
0 0.653380 0.275362 0.055459 0.173913
0 0.654246 0.710145 0.055459 0.173913
0 0.766031 0.270531 0.055459 0.173913
0 0.766031 0.705314 0.055459 0.173913
0 0.878683 0.275362 0.055459 0.173913
0 0.880416 0.705314 0.055459 0.173913
5 0.542461 0.280193 0.017331 0.193237
5 0.544194 0.705314 0.017331 0.193237
