1 0.125000 0.495601 0.227551 0.926686
1 0.872959 0.491202 0.221429 0.906158
2 0.185204 0.532258 0.066327 0.718475
2 0.811735 0.533724 0.068367 0.727273
2 0.746429 0.529326 0.031633 0.718475
3 0.925000 0.400293 0.082653 0.319648
3 0.924490 0.634897 0.081633 0.319648
3 0.069388 0.412023 0.081633 0.325513
3 0.072959 0.642229 0.082653 0.328446
0 0.319898 0.409091 0.092857 0.102639
0 0.459184 0.412023 0.089796 0.108504
0 0.657653 0.406158 0.096939 0.120235
0 0.659694 0.639296 0.092857 0.099707
0 0.459694 0.645161 0.094898 0.111437
0 0.320918 0.646628 0.094898 0.120235
4 0.255612 0.403226 0.023469 0.073314
4 0.255612 0.645161 0.027551 0.076246
4 0.387245 0.401760 0.023469 0.076246
4 0.387755 0.637830 0.024490 0.079179
7 0.570408 0.403226 0.061224 0.090909
7 0.569898 0.643695 0.062245 0.090909
