1 0.071429 0.492565 0.085213 0.732342
1 0.557018 0.286245 0.041353 0.319703
1 0.690476 0.284387 0.040100 0.345725
1 0.695489 0.698885 0.045113 0.356877
2 0.899123 0.477695 0.136591 0.925651
3 0.073935 0.278810 0.067669 0.245353
3 0.073935 0.672862 0.067669 0.245353
0 0.141604 0.241636 0.055138 0.096654
0 0.141604 0.349442 0.055138 0.096654
0 0.176692 0.628253 0.055138 0.096654
0 0.179198 0.732342 0.055138 0.096654
0 0.236842 0.605948 0.055138 0.096654
0 0.238095 0.758364 0.055138 0.096654
0 0.240602 0.219331 0.055138 0.096654
0 0.240602 0.368030 0.055138 0.096654
0 0.339599 0.223048 0.055138 0.096654
0 0.340852 0.368030 0.055138 0.096654
0 0.471178 0.223048 0.055138 0.096654
0 0.471178 0.368030 0.055138 0.096654
0 0.471178 0.609665 0.055138 0.096654
0 0.472431 0.758364 0.055138 0.096654
0 0.620301 0.219331 0.055138 0.096654
0 0.622807 0.368030 0.055138 0.096654
0 0.789474 0.226766 0.055138 0.096654
0 0.786967 0.371747 0.055138 0.096654
0 0.788221 0.602230 0.055138 0.096654
0 0.789474 0.754647 0.055138 0.096654
4 0.130952 0.633829 0.023810 0.078067
4 0.133459 0.732342 0.026316 0.089219
4 0.192356 0.223048 0.026316 0.089219
4 0.194862 0.371747 0.026316 0.089219
4 0.291353 0.224907 0.023810 0.078067
4 0.288847 0.373606 0.023810 0.078067
4 0.290100 0.611524 0.023810 0.078067
4 0.291353 0.749071 0.023810 0.078067
4 0.733709 0.224907 0.023810 0.078067
4 0.732456 0.373606 0.023810 0.078067
4 0.736216 0.611524 0.023810 0.078067
4 0.734962 0.760223 0.023810 0.078067
5 0.406642 0.226766 0.021303 0.081784
5 0.406642 0.368030 0.021303 0.081784
