1 0.049903 0.482798 0.088178 0.713303
1 0.948159 0.498853 0.088178 0.713303
2 0.406008 0.500000 0.042636 0.747706
2 0.526163 0.504587 0.042636 0.747706
2 0.702519 0.500000 0.042636 0.747706
3 0.048934 0.297018 0.068798 0.259174
3 0.047965 0.668578 0.068798 0.259174
3 0.958818 0.303899 0.068798 0.259174
3 0.958818 0.684633 0.068798 0.259174
0 0.138081 0.248853 0.055233 0.094037
0 0.140019 0.352064 0.055233 0.094037
0 0.138081 0.636468 0.055233 0.094037
0 0.140019 0.735092 0.055233 0.094037
0 0.873547 0.225917 0.055233 0.094037
0 0.873547 0.370413 0.055233 0.094037
0 0.870640 0.604358 0.055233 0.094037
0 0.873547 0.758028 0.055233 0.094037
0 0.770349 0.754587 0.065891 0.110092
0 0.771318 0.610092 0.065891 0.110092
0 0.771318 0.377294 0.071705 0.103211
0 0.768411 0.219037 0.071705 0.103211
0 0.624031 0.219037 0.071705 0.103211
0 0.625484 0.380734 0.078488 0.105505
0 0.625484 0.607798 0.078488 0.105505
0 0.626453 0.752294 0.078488 0.105505
0 0.344961 0.607798 0.069767 0.091743
0 0.344961 0.383028 0.069767 0.091743
0 0.343023 0.224771 0.069767 0.091743
0 0.345930 0.763761 0.069767 0.091743
0 0.236434 0.766055 0.069767 0.091743
0 0.235465 0.605505 0.069767 0.091743
0 0.234981 0.378440 0.066860 0.087156
0 0.235465 0.222477 0.067829 0.091743
4 0.192345 0.221330 0.014535 0.057339
4 0.098353 0.637615 0.014535 0.050459
4 0.098353 0.727064 0.014535 0.050459
4 0.290698 0.605505 0.019380 0.050459
4 0.287791 0.761468 0.019380 0.050459
4 0.276647 0.378440 0.016473 0.059633
4 0.278585 0.220183 0.016473 0.059633
4 0.191376 0.379587 0.014535 0.066514
4 0.828973 0.221330 0.014535 0.066514
4 0.826066 0.370413 0.014535 0.066514
4 0.810562 0.606651 0.014535 0.066514
4 0.812500 0.760321 0.014535 0.066514
5 0.297481 0.223624 0.015504 0.094037
5 0.295543 0.381881 0.015504 0.094037
5 0.830426 0.606651 0.015504 0.094037
5 0.833333 0.758028 0.015504 0.094037
