1 0.069549 0.496283 0.088972 0.739777
1 0.555764 0.295539 0.043860 0.345725
1 0.688596 0.291822 0.043860 0.345725
1 0.692356 0.693309 0.043860 0.345725
2 0.906015 0.500000 0.127820 0.851301
3 0.073935 0.289963 0.070175 0.237918
3 0.073935 0.682156 0.070175 0.219331
0 0.141604 0.239777 0.055138 0.085502
0 0.140351 0.347584 0.055138 0.085502
0 0.240602 0.224907 0.055138 0.085502
0 0.241855 0.369888 0.055138 0.085502
0 0.340852 0.221190 0.055138 0.085502
0 0.339599 0.369888 0.055138 0.085502
0 0.471178 0.221190 0.055138 0.085502
0 0.471178 0.369888 0.055138 0.085502
0 0.620301 0.221190 0.055138 0.085502
0 0.620301 0.373606 0.055138 0.092937
0 0.788221 0.217472 0.055138 0.092937
0 0.788221 0.369888 0.055138 0.092937
0 0.788221 0.604089 0.055138 0.092937
0 0.789474 0.752788 0.055138 0.092937
0 0.469925 0.756506 0.055138 0.092937
0 0.471178 0.607807 0.055138 0.092937
0 0.236842 0.604089 0.055138 0.092937
0 0.240602 0.756506 0.055138 0.092937
0 0.180451 0.737918 0.055138 0.092937
0 0.175439 0.622677 0.050125 0.092937
4 0.194236 0.224907 0.025063 0.078067
4 0.194236 0.373606 0.025063 0.078067
4 0.290727 0.224907 0.025063 0.078067
4 0.289474 0.366171 0.025063 0.078067
4 0.130326 0.630112 0.022556 0.085502
4 0.132832 0.737918 0.022556 0.085502
4 0.288847 0.611524 0.023810 0.078067
4 0.290100 0.756506 0.023810 0.078067
4 0.734962 0.224907 0.023810 0.078067
4 0.733709 0.369888 0.026316 0.078067
4 0.734962 0.604089 0.026316 0.078067
4 0.736216 0.756506 0.026316 0.078067
5 0.407268 0.228625 0.017544 0.085502
5 0.406015 0.373606 0.017544 0.085502
