2 0.428493 0.502375 0.822052 0.752969
1 0.081332 0.452494 0.110262 0.401425
0 0.178493 0.396675 0.070961 0.090261
0 0.179585 0.555819 0.070961 0.090261
0 0.274563 0.553444 0.070961 0.090261
0 0.277838 0.389549 0.070961 0.090261
0 0.375000 0.389549 0.070961 0.090261
0 0.377183 0.555819 0.070961 0.090261
0 0.477620 0.396675 0.070961 0.090261
0 0.474345 0.551069 0.070961 0.090261
0 0.625000 0.393112 0.064410 0.087886
0 0.621725 0.549881 0.064410 0.087886
0 0.739629 0.393112 0.064410 0.087886
0 0.736354 0.549881 0.064410 0.087886
4 0.226528 0.391924 0.020742 0.047506
4 0.224345 0.553444 0.020742 0.047506
4 0.329148 0.391924 0.020742 0.047506
4 0.324782 0.555819 0.020742 0.047506
4 0.429585 0.394299 0.020742 0.047506
4 0.426856 0.552257 0.024017 0.059382
2 0.802948 0.475059 0.053493 0.479810
