2 0.096660 0.486364 0.136640 0.640909
2 0.852227 0.489773 0.248988 0.706818
3 0.102733 0.328409 0.073887 0.220455
3 0.105769 0.635227 0.073887 0.220455
3 0.852227 0.325000 0.109312 0.272727
3 0.863866 0.602273 0.116397 0.340909
0 0.226215 0.286364 0.051619 0.081818
0 0.225202 0.365909 0.051619 0.081818
0 0.222166 0.570455 0.051619 0.081818
0 0.221154 0.652273 0.051619 0.081818
0 0.383097 0.261364 0.051619 0.081818
0 0.384109 0.402273 0.055668 0.090909
0 0.387146 0.543182 0.055668 0.090909
0 0.385121 0.677273 0.055668 0.090909
0 0.533907 0.259091 0.055668 0.090909
0 0.535931 0.400000 0.055668 0.090909
0 0.534919 0.540909 0.055668 0.090909
0 0.531883 0.679545 0.055668 0.090909
0 0.664474 0.259091 0.055668 0.090909
0 0.662449 0.400000 0.055668 0.090909
0 0.663462 0.531818 0.055668 0.090909
0 0.663462 0.677273 0.055668 0.090909
4 0.169028 0.292045 0.014170 0.034091
4 0.168016 0.367045 0.012146 0.034091
4 0.166498 0.569318 0.011134 0.029545
4 0.165992 0.648864 0.012146 0.025000
4 0.458502 0.261364 0.016194 0.045455
4 0.457490 0.395455 0.016194 0.045455
4 0.457490 0.536364 0.016194 0.045455
4 0.457490 0.677273 0.016194 0.045455
4 0.600202 0.256818 0.016194 0.045455
4 0.598178 0.404545 0.016194 0.045455
4 0.598684 0.543182 0.019231 0.040909
4 0.598684 0.679545 0.019231 0.040909
